1664987050.890744000 1
1664987050.892120000 1
1664987050.929091000 1
1664987050.930597000 1
1664987050.931961000 1
1664987050.970534000 1
1664987050.972004000 1
1664987050.974307000 1
1664987051.013417000 1
1664987051.015136000 1
1664987051.016931000 1
1664987051.052729000 1
1664987051.092879000 1
1664987051.094518000 1
1664987051.216049000 6
1664987051.216049000 6
1664987051.217633000 6
1664987051.217633000 6
1664987051.219384000 6
1664987051.219384000 6
1664987051.257887000 6
1664987051.257887000 6
1664987051.259258000 6
1664987051.259258000 6
1664987051.298974000 6
1664987051.298974000 6
1664987051.301190000 6
1664987051.301190000 6
1664987051.302472000 6
1664987051.302472000 6
1664987051.337851000 6
1664987051.337851000 6
1664987051.339338000 6
1664987051.339338000 6
1664987051.382361000 6
1664987051.382361000 6
1664987051.384239000 6
1664987051.384239000 6
1664987051.387022000 6
1664987051.387022000 6
1664987051.421291000 6
1664987051.421291000 6
1664987051.422613000 6
1664987051.422613000 6
