1664986161.202419000 1
1664986161.207725000 1
1664986161.239877000 1
1664986161.244718000 1
1664986161.1173000 1
1664986161.279494000 1
1664986161.280946000 1
1664986161.286626000 1
1664986161.321504000 1
1664986161.403844000 6
1664986161.403844000 6
1664986161.405271000 6
1664986161.405271000 6
1664986161.407109000 6
1664986161.407109000 6
1664986161.446947000 6
1664986161.446947000 6
1664986161.485727000 6
1664986161.485727000 6
1664986161.487548000 6
1664986161.487548000 6
1664986161.488873000 6
1664986161.488873000 6
1664986161.526031000 6
1664986161.526031000 6
1664986161.527464000 6
1664986161.527464000 6
1664986161.529399000 6
1664986161.529399000 6
1664986161.567822000 6
1664986161.567822000 6
1664986161.569183000 6
1664986161.569183000 6
1664986161.570850000 6
1664986161.570850000 6
1664986161.608374000 6
1664986161.608374000 6
1664986161.609732000 6
1664986161.609732000 6
1664986161.612045000 6
1664986161.612045000 6
1664986161.651620000 6
1664986161.651620000 6
1664986168.953630000 1
1664986168.955203000 1
1664986168.956775000 1
1664986168.994930000 1
1664986168.997303000 1
1664986168.999369000 1
1664986169.041504000 1
1664986169.043111000 1
1664986169.078507000 1
1664986169.079901000 1
1664986169.082030000 1
1664986169.160374000 1
1664986169.199686000 6
1664986169.199686000 6
1664986169.201434000 6
1664986169.201434000 6
1664986169.240955000 6
1664986169.240955000 6
1664986169.281357000 6
1664986169.281357000 6
1664986169.284251000 6
1664986169.284251000 6
1664986169.285867000 6
1664986169.285867000 6
1664986169.322041000 6
1664986169.322041000 6
1664986169.323753000 6
1664986169.323753000 6
1664986169.326084000 6
1664986169.326084000 6
1664986169.363831000 6
1664986169.363831000 6
1664986169.365305000 6
1664986169.365305000 6
1664986169.367276000 6
1664986169.367276000 6
1664986169.404455000 6
1664986169.404455000 6
1664986169.405857000 6
1664986169.405857000 6
1664986169.407141000 6
1664986169.407141000 6
1664986169.446652000 6
1664986169.446652000 6
1664986169.448057000 6
1664986169.448057000 6
1664986180.294019000 1
1664986180.295438000 1
1664986180.297414000 1
1664986180.333015000 1
1664986180.337445000 1
1664986180.339667000 1
1664986180.374615000 1
1664986180.376042000 1
1664986180.377941000 1
1664986180.414965000 1
1664986180.416813000 1
1664986180.423217000 1
1664986180.497590000 1
1664986180.538109000 6
1664986180.538109000 6
1664986180.539517000 6
1664986180.539517000 6
1664986180.578919000 6
1664986180.578919000 6
1664986180.580343000 6
1664986180.580343000 6
1664986180.583125000 6
1664986180.583125000 6
1664986180.620919000 6
1664986180.620919000 6
1664986180.622346000 6
1664986180.622346000 6
1664986180.624518000 6
1664986180.624518000 6
1664986180.661918000 6
1664986180.661918000 6
1664986180.663647000 6
1664986180.663647000 6
1664986180.665117000 6
1664986180.665117000 6
1664986180.703146000 6
1664986180.703146000 6
1664986180.704566000 6
1664986180.704566000 6
1664986180.706240000 6
1664986180.706240000 6
1664986180.743394000 6
1664986180.743394000 6
1664986180.744898000 6
1664986180.744898000 6
1664986180.751646000 6
1664986180.751646000 6
1664986180.786680000 6
1664986180.786680000 6
1664986180.788718000 6
1664986180.788718000 6
1664986180.829017000 6
1664986180.829017000 6
1664986180.910870000 6
1664986180.910870000 6
1664986191.174494000 1
1664986191.178866000 1
1664986191.180514000 1
1664986191.215147000 1
1664986191.217423000 1
1664986191.219264000 1
1664986191.257389000 1
1664986191.259394000 1
1664986191.260748000 1
1664986191.297023000 1
1664986191.298563000 1
1664986191.380394000 1
1664986191.421570000 6
1664986191.421570000 6
1664986191.463392000 6
1664986191.463392000 6
1664986191.465281000 6
1664986191.465281000 6
1664986191.503180000 6
1664986191.503180000 6
1664986191.504667000 6
1664986191.504667000 6
1664986191.505999000 6
1664986191.505999000 6
1664986191.543219000 6
1664986191.543219000 6
1664986191.544578000 6
1664986191.544578000 6
1664986191.546488000 6
1664986191.546488000 6
1664986191.585622000 6
1664986191.585622000 6
1664986191.586975000 6
1664986191.586975000 6
1664986191.589369000 6
1664986191.589369000 6
1664986191.625642000 6
1664986191.625642000 6
1664986191.627068000 6
1664986191.627068000 6
1664986191.628400000 6
1664986191.628400000 6
1664986191.673169000 6
1664986191.673169000 6
1664986201.180164000 1
1664986201.183460000 1
1664986201.184751000 1
1664986201.220265000 1
1664986201.221692000 1
1664986201.224842000 1
1664986201.267664000 1
1664986201.305492000 1
1664986201.426349000 6
1664986201.426349000 6
1664986201.470090000 6
1664986201.470090000 6
1664986201.509145000 6
1664986201.509145000 6
1664986201.510942000 6
1664986201.510942000 6
1664986201.512296000 6
1664986201.512296000 6
1664986201.548543000 6
1664986201.548543000 6
1664986201.549974000 6
1664986201.549974000 6
1664986201.551596000 6
1664986201.551596000 6
1664986201.590372000 6
1664986201.590372000 6
1664986201.592354000 6
1664986201.592354000 6
1664986201.594850000 6
1664986201.594850000 6
1664986201.630820000 6
1664986201.630820000 6
1664986201.632535000 6
1664986201.632535000 6
1664986201.633921000 6
1664986201.633921000 6
1664986201.674034000 6
1664986201.674034000 6
1664986201.712851000 6
1664986201.712851000 6
1664986201.714216000 6
1664986201.714216000 6
1664986201.716729000 6
1664986201.716729000 6
1664986201.754624000 6
1664986201.754624000 6
1664986211.180664000 1
1664986211.182827000 1
1664986211.184644000 1
1664986211.228350000 1
1664986211.229921000 1
1664986211.232292000 1
1664986211.264565000 1
1664986211.268490000 1
1664986211.269836000 1
1664986211.306792000 1
1664986211.312589000 1
1664986211.313917000 1
1664986211.348375000 1
1664986211.431773000 6
1664986211.431773000 6
1664986211.472044000 6
1664986211.472044000 6
1664986211.510848000 6
1664986211.510848000 6
1664986211.513494000 6
1664986211.513494000 6
1664986211.515247000 6
1664986211.515247000 6
1664986211.551468000 6
1664986211.551468000 6
1664986211.552921000 6
1664986211.552921000 6
1664986211.554375000 6
1664986211.554375000 6
1664986211.593082000 6
1664986211.593082000 6
1664986211.594576000 6
1664986211.594576000 6
1664986211.596362000 6
1664986211.596362000 6
1664986211.634075000 6
1664986211.634075000 6
1664986211.635999000 6
1664986211.635999000 6
1664986211.637369000 6
1664986211.637369000 6
1664986211.676622000 6
1664986211.676622000 6
1664986211.677947000 6
1664986211.677947000 6
1664986211.716771000 6
1664986211.716771000 6
1664986211.719967000 6
1664986211.719967000 6
1664986211.756708000 6
1664986211.756708000 6
1664986211.798720000 6
1664986211.798720000 6
1664986221.187603000 1
1664986221.190883000 1
1664986221.192852000 1
1664986221.224253000 1
1664986221.225780000 1
1664986221.227108000 1
1664986221.267001000 1
1664986221.268438000 1
1664986221.270136000 1
1664986221.306319000 1
1664986221.307842000 1
1664986221.309741000 1
1664986221.389078000 1
1664986221.392251000 1
1664986221.512982000 6
1664986221.512982000 6
1664986221.514312000 6
1664986221.514312000 6
1664986221.551561000 6
1664986221.551561000 6
1664986221.552961000 6
1664986221.552961000 6
1664986221.555044000 6
1664986221.555044000 6
1664986221.594912000 6
1664986221.594912000 6
1664986221.596335000 6
1664986221.596335000 6
1664986221.598598000 6
1664986221.598598000 6
1664986221.634963000 6
1664986221.634963000 6
1664986221.636462000 6
1664986221.636462000 6
1664986221.638862000 6
1664986221.638862000 6
1664986221.677486000 6
1664986221.677486000 6
1664986221.718297000 6
1664986221.718297000 6
1664986221.719713000 6
1664986221.719713000 6
1664986221.721412000 6
1664986221.721412000 6
1664986221.757214000 6
1664986221.757214000 6
1664986231.188758000 1
1664986231.190120000 1
1664986231.192989000 1
1664986231.229612000 1
1664986231.231037000 1
1664986231.232360000 1
1664986231.270785000 1
1664986231.272186000 1
1664986231.273760000 1
1664986231.315914000 1
1664986231.317335000 1
1664986231.319487000 1
1664986231.354682000 1
1664986231.398742000 1
1664986231.437766000 6
1664986231.437766000 6
1664986231.439162000 6
1664986231.439162000 6
1664986231.441090000 6
1664986231.441090000 6
1664986231.476840000 6
1664986231.476840000 6
1664986231.478168000 6
1664986231.478168000 6
1664986231.516937000 6
1664986231.516937000 6
1664986231.518304000 6
1664986231.518304000 6
1664986231.520114000 6
1664986231.520114000 6
1664986231.558769000 6
1664986231.558769000 6
1664986231.560465000 6
1664986231.560465000 6
1664986231.561944000 6
1664986231.561944000 6
1664986231.598941000 6
1664986231.598941000 6
1664986231.601020000 6
1664986231.601020000 6
1664986231.602668000 6
1664986231.602668000 6
1664986231.639743000 6
1664986231.639743000 6
1664986231.641080000 6
1664986231.641080000 6
1664986231.643348000 6
1664986231.643348000 6
1664986231.722642000 6
1664986231.722642000 6
1664986231.724164000 6
1664986231.724164000 6
1664986231.725977000 6
1664986231.725977000 6
1664986241.194478000 1
1664986241.199932000 1
1664986241.202103000 1
1664986241.235641000 1
1664986241.238662000 1
1664986241.240028000 1
1664986241.275803000 1
1664986241.277227000 1
1664986241.282879000 1
1664986241.316303000 1
1664986241.318783000 1
1664986241.320705000 1
1664986241.359784000 1
1664986241.440283000 6
1664986241.440283000 6
1664986241.441690000 6
1664986241.441690000 6
1664986241.479850000 6
1664986241.479850000 6
1664986241.483291000 6
1664986241.483291000 6
1664986241.522060000 6
1664986241.522060000 6
1664986241.523418000 6
1664986241.523418000 6
1664986241.524811000 6
1664986241.524811000 6
1664986241.562985000 6
1664986241.562985000 6
1664986241.564935000 6
1664986241.564935000 6
1664986241.566351000 6
1664986241.566351000 6
1664986241.604162000 6
1664986241.604162000 6
1664986241.605892000 6
1664986241.605892000 6
1664986241.643790000 6
1664986241.643790000 6
1664986241.646611000 6
1664986241.646611000 6
1664986241.648211000 6
1664986241.648211000 6
1664986251.194886000 1
1664986251.197235000 1
1664986251.198491000 1
1664986251.235160000 1
1664986251.236529000 1
1664986251.239058000 1
1664986251.276934000 1
1664986251.278486000 1
1664986251.279956000 1
1664986251.317809000 1
1664986251.319236000 1
1664986251.321081000 1
1664986251.444438000 6
1664986251.444438000 6
1664986251.485460000 6
1664986251.485460000 6
1664986251.529740000 6
1664986251.529740000 6
1664986251.531332000 6
1664986251.531332000 6
1664986251.565869000 6
1664986251.565869000 6
1664986251.568387000 6
1664986251.568387000 6
1664986251.569802000 6
1664986251.569802000 6
1664986251.606241000 6
1664986251.606241000 6
1664986251.610103000 6
1664986251.610103000 6
1664986251.612238000 6
1664986251.612238000 6
1664986251.646203000 6
1664986251.646203000 6
1664986251.647739000 6
1664986251.647739000 6
1664986251.649398000 6
1664986251.649398000 6
1664986251.688191000 6
1664986251.688191000 6
1664986251.693144000 6
1664986251.693144000 6
1664986251.727937000 6
1664986251.727937000 6
1664986251.729868000 6
1664986251.729868000 6
1664986251.773497000 6
1664986251.773497000 6
1664986261.200574000 1
1664986261.202999000 1
1664986261.208556000 1
1664986261.237070000 1
1664986261.238975000 1
1664986261.240348000 1
1664986261.280345000 1
1664986261.283171000 1
1664986261.319419000 1
1664986261.320850000 1
1664986261.404947000 1
1664986261.443876000 6
1664986261.443876000 6
1664986261.445798000 6
1664986261.445798000 6
1664986261.447126000 6
1664986261.447126000 6
1664986261.485710000 6
1664986261.485710000 6
1664986261.487350000 6
1664986261.487350000 6
1664986261.530043000 6
1664986261.530043000 6
1664986261.531629000 6
1664986261.531629000 6
1664986261.533514000 6
1664986261.533514000 6
1664986261.569753000 6
1664986261.569753000 6
1664986261.571908000 6
1664986261.571908000 6
1664986261.573712000 6
1664986261.573712000 6
1664986261.608576000 6
1664986261.608576000 6
1664986261.610156000 6
1664986261.610156000 6
1664986261.615924000 6
1664986261.615924000 6
1664986261.652356000 6
1664986261.652356000 6
1664986261.653780000 6
1664986261.653780000 6
1664986261.656048000 6
1664986261.656048000 6
1664986261.693432000 6
1664986261.693432000 6
1664986261.733583000 6
1664986261.733583000 6
1664986261.736002000 6
1664986261.736002000 6
1664986271.207888000 1
1664986271.209252000 1
1664986271.214109000 1
1664986271.241614000 1
1664986271.243388000 1
1664986271.244716000 1
1664986271.285614000 1
1664986271.287494000 1
1664986271.288809000 1
1664986271.326591000 1
1664986271.328321000 1
1664986271.329589000 1
1664986271.366472000 1
1664986271.532206000 6
1664986271.532206000 6
1664986271.533701000 6
1664986271.533701000 6
1664986271.535826000 6
1664986271.535826000 6
1664986271.578552000 6
1664986271.578552000 6
1664986271.580417000 6
1664986271.580417000 6
1664986271.616057000 6
1664986271.616057000 6
1664986271.617411000 6
1664986271.617411000 6
1664986271.619068000 6
1664986271.619068000 6
1664986271.655574000 6
1664986271.655574000 6
1664986271.659694000 6
1664986271.659694000 6
1664986271.703646000 6
1664986271.703646000 6
1664986271.778980000 6
1664986271.778980000 6
1664986271.824478000 6
1664986271.824478000 6
1664986281.204395000 1
1664986281.205818000 1
1664986281.207296000 1
1664986281.251420000 1
1664986281.254147000 1
1664986281.256615000 1
1664986281.326319000 1
1664986281.327744000 1
1664986281.368084000 1
1664986281.417196000 1
1664986281.450850000 6
1664986281.450850000 6
1664986281.494801000 6
1664986281.494801000 6
1664986281.533225000 6
1664986281.533225000 6
1664986281.534777000 6
1664986281.534777000 6
1664986281.536121000 6
1664986281.536121000 6
1664986281.572125000 6
1664986281.572125000 6
1664986281.573677000 6
1664986281.573677000 6
1664986281.575324000 6
1664986281.575324000 6
1664986281.613751000 6
1664986281.613751000 6
1664986281.615154000 6
1664986281.615154000 6
1664986281.617352000 6
1664986281.617352000 6
1664986281.653327000 6
1664986281.653327000 6
1664986281.654828000 6
1664986281.654828000 6
1664986281.659779000 6
1664986281.659779000 6
1664986281.737354000 6
1664986281.737354000 6
1664986281.738843000 6
1664986281.738843000 6
1664986281.821207000 6
1664986281.821207000 6
1664986291.210481000 1
1664986291.212005000 1
1664986291.222804000 1
1664986291.250757000 1
1664986291.253908000 1
1664986291.255478000 1
1664986291.292847000 1
1664986291.295005000 1
1664986291.296328000 1
1664986291.332577000 1
1664986291.333968000 1
1664986291.335725000 1
1664986291.375929000 1
1664986291.415315000 1
1664986291.416783000 1
1664986291.461259000 6
1664986291.461259000 6
1664986291.500448000 6
1664986291.500448000 6
1664986291.539313000 6
1664986291.539313000 6
1664986291.541209000 6
1664986291.541209000 6
1664986291.546150000 6
1664986291.546150000 6
1664986291.581766000 6
1664986291.581766000 6
1664986291.583187000 6
1664986291.583187000 6
1664986291.622192000 6
1664986291.622192000 6
1664986291.625749000 6
1664986291.625749000 6
1664986291.627310000 6
1664986291.627310000 6
1664986291.665269000 6
1664986291.665269000 6
1664986291.666685000 6
1664986291.666685000 6
1664986291.668291000 6
1664986291.668291000 6
1664986291.709287000 6
1664986291.709287000 6
1664986291.832726000 6
1664986291.832726000 6
1664986301.211502000 1
1664986301.213393000 1
1664986301.214749000 1
1664986301.252118000 1
1664986301.255665000 1
1664986301.257919000 1
1664986301.293430000 1
1664986301.295994000 1
1664986301.297252000 1
1664986301.333593000 1
1664986301.335432000 1
1664986301.336838000 1
1664986301.379773000 1
1664986301.418697000 1
1664986301.459500000 6
1664986301.459500000 6
1664986301.499377000 6
1664986301.499377000 6
1664986301.540974000 6
1664986301.540974000 6
1664986301.542391000 6
1664986301.542391000 6
1664986301.544277000 6
1664986301.544277000 6
1664986301.580528000 6
1664986301.580528000 6
1664986301.582375000 6
1664986301.582375000 6
1664986301.583696000 6
1664986301.583696000 6
1664986301.622477000 6
1664986301.622477000 6
1664986301.623903000 6
1664986301.623903000 6
1664986301.625650000 6
1664986301.625650000 6
1664986301.662428000 6
1664986301.662428000 6
1664986301.663850000 6
1664986301.663850000 6
1664986301.665729000 6
1664986301.665729000 6
1664986301.704529000 6
1664986301.704529000 6
1664986301.705950000 6
1664986301.705950000 6
1664986301.707450000 6
1664986301.707450000 6
1664986301.744677000 6
1664986301.744677000 6
1664986301.747896000 6
1664986301.747896000 6
1664986311.214512000 1
1664986311.216599000 1
1664986311.217992000 1
1664986311.256336000 1
1664986311.257840000 1
1664986311.260797000 1
1664986311.297658000 1
1664986311.299062000 1
1664986311.340097000 1
1664986311.341562000 1
1664986311.343861000 1
1664986311.463199000 6
1664986311.463199000 6
1664986311.503463000 6
1664986311.503463000 6
1664986311.504940000 6
1664986311.504940000 6
1664986311.506317000 6
1664986311.506317000 6
1664986311.547069000 6
1664986311.547069000 6
1664986311.548466000 6
1664986311.548466000 6
1664986311.549855000 6
1664986311.549855000 6
1664986311.585145000 6
1664986311.585145000 6
1664986311.586505000 6
1664986311.586505000 6
1664986311.587967000 6
1664986311.587967000 6
1664986311.628218000 6
1664986311.628218000 6
1664986311.629902000 6
1664986311.629902000 6
1664986311.631591000 6
1664986311.631591000 6
1664986311.667195000 6
1664986311.667195000 6
1664986311.668618000 6
1664986311.668618000 6
1664986311.670429000 6
1664986311.670429000 6
1664986311.709069000 6
1664986311.709069000 6
1664986311.710501000 6
1664986311.710501000 6
1664986311.749038000 6
1664986311.749038000 6
1664986311.752245000 6
1664986311.752245000 6
1664986321.216086000 1
1664986321.217702000 1
1664986321.219670000 1
1664986321.259157000 1
1664986321.260670000 1
1664986321.262640000 1
1664986321.297111000 1
1664986321.298866000 1
1664986321.300180000 1
1664986321.338213000 1
1664986321.342546000 1
1664986321.391185000 1
1664986321.423959000 1
1664986321.465814000 6
1664986321.465814000 6
1664986321.503038000 6
1664986321.503038000 6
1664986321.504588000 6
1664986321.504588000 6
1664986321.506063000 6
1664986321.506063000 6
1664986321.545288000 6
1664986321.545288000 6
1664986321.546801000 6
1664986321.546801000 6
1664986321.548191000 6
1664986321.548191000 6
1664986321.585412000 6
1664986321.585412000 6
1664986321.586843000 6
1664986321.586843000 6
1664986321.591717000 6
1664986321.591717000 6
1664986321.629066000 6
1664986321.629066000 6
1664986321.630966000 6
1664986321.630966000 6
1664986321.667792000 6
1664986321.667792000 6
1664986321.669212000 6
1664986321.669212000 6
1664986321.670892000 6
1664986321.670892000 6
1664986321.710795000 6
1664986321.710795000 6
1664986321.716791000 6
1664986321.716791000 6
1664986321.751645000 6
1664986321.751645000 6
1664986321.836619000 6
1664986321.836619000 6
1664986331.225635000 1
1664986331.228138000 1
1664986331.229467000 1
1664986331.262634000 1
1664986331.264188000 1
1664986331.265620000 1
1664986331.306660000 1
1664986331.308055000 1
1664986331.344332000 1
1664986331.352511000 1
1664986331.353888000 1
1664986331.468212000 6
1664986331.468212000 6
1664986331.469973000 6
1664986331.469973000 6
1664986331.512834000 6
1664986331.512834000 6
1664986331.552063000 6
1664986331.552063000 6
1664986331.553618000 6
1664986331.553618000 6
1664986331.590837000 6
1664986331.590837000 6
1664986331.592239000 6
1664986331.592239000 6
1664986331.593790000 6
1664986331.593790000 6
1664986331.632587000 6
1664986331.632587000 6
1664986331.633999000 6
1664986331.633999000 6
1664986331.635667000 6
1664986331.635667000 6
1664986331.674804000 6
1664986331.674804000 6
1664986331.676314000 6
1664986331.676314000 6
1664986331.715112000 6
1664986331.715112000 6
1664986331.756314000 6
1664986331.756314000 6
1664986341.221833000 1
1664986341.223691000 1
1664986341.225012000 1
1664986341.262635000 1
1664986341.264592000 1
1664986341.265929000 1
1664986341.305109000 1
1664986341.307116000 1
1664986341.308787000 1
1664986341.347660000 1
1664986341.349320000 1
1664986341.356111000 1
1664986341.386491000 1
1664986341.428912000 1
1664986341.467688000 6
1664986341.467688000 6
1664986341.507940000 6
1664986341.507940000 6
1664986341.512189000 6
1664986341.512189000 6
1664986341.550111000 6
1664986341.550111000 6
1664986341.553391000 6
1664986341.553391000 6
1664986341.554871000 6
1664986341.554871000 6
1664986341.592027000 6
1664986341.592027000 6
1664986341.599269000 6
1664986341.599269000 6
1664986341.632089000 6
1664986341.632089000 6
1664986341.633494000 6
1664986341.633494000 6
1664986341.634833000 6
1664986341.634833000 6
1664986341.672768000 6
1664986341.672768000 6
1664986341.674621000 6
1664986341.674621000 6
1664986341.675967000 6
1664986341.675967000 6
1664986341.757935000 6
1664986341.757935000 6
1664986341.797093000 6
1664986341.797093000 6
1664986351.227278000 1
1664986351.229052000 1
1664986351.230397000 1
1664986351.266777000 1
1664986351.268175000 1
1664986351.269522000 1
1664986351.315521000 1
1664986351.318575000 1
1664986351.348873000 1
1664986351.350289000 1
1664986351.351625000 1
1664986351.394127000 1
1664986351.432304000 1
1664986351.433712000 1
1664986351.476549000 6
1664986351.476549000 6
1664986351.477914000 6
1664986351.477914000 6
1664986351.513136000 6
1664986351.513136000 6
1664986351.555451000 6
1664986351.555451000 6
1664986351.557448000 6
1664986351.557448000 6
1664986351.559155000 6
1664986351.559155000 6
1664986351.597875000 6
1664986351.597875000 6
1664986351.600568000 6
1664986351.600568000 6
1664986351.638403000 6
1664986351.638403000 6
1664986351.639795000 6
1664986351.639795000 6
1664986351.641549000 6
1664986351.641549000 6
1664986351.678772000 6
1664986351.678772000 6
1664986351.680219000 6
1664986351.680219000 6
1664986351.682029000 6
1664986351.682029000 6
1664986351.721524000 6
1664986351.721524000 6
1664986361.229732000 1
1664986361.231144000 1
1664986361.232543000 1
1664986361.271650000 1
1664986361.273779000 1
1664986361.278770000 1
1664986361.312203000 1
1664986361.313669000 1
1664986361.315006000 1
1664986361.353145000 1
1664986361.354508000 1
1664986361.395702000 1
1664986361.478303000 6
1664986361.478303000 6
1664986361.479703000 6
1664986361.479703000 6
1664986361.524977000 6
1664986361.524977000 6
1664986361.558689000 6
1664986361.558689000 6
1664986361.562603000 6
1664986361.562603000 6
1664986361.563887000 6
1664986361.563887000 6
1664986361.599227000 6
1664986361.599227000 6
1664986361.600655000 6
1664986361.600655000 6
1664986361.602509000 6
1664986361.602509000 6
1664986361.640412000 6
1664986361.640412000 6
1664986361.641909000 6
1664986361.641909000 6
1664986361.644067000 6
1664986361.644067000 6
1664986361.681039000 6
1664986361.681039000 6
1664986361.682511000 6
1664986361.682511000 6
1664986361.684476000 6
1664986361.684476000 6
1664986361.724912000 6
1664986361.724912000 6
1664986361.726905000 6
1664986361.726905000 6
1664986361.764132000 6
1664986361.764132000 6
1664986361.765554000 6
1664986361.765554000 6
1664986361.768159000 6
1664986361.768159000 6
1664986371.237253000 1
1664986371.240637000 1
1664986371.245231000 1
1664986371.276883000 1
1664986371.278329000 1
1664986371.280029000 1
1664986371.319154000 1
1664986371.320490000 1
1664986371.322011000 1
1664986371.360614000 1
1664986371.440704000 1
1664986371.483687000 6
1664986371.483687000 6
1664986371.523861000 6
1664986371.523861000 6
1664986371.566052000 6
1664986371.566052000 6
1664986371.567766000 6
1664986371.567766000 6
1664986371.569666000 6
1664986371.569666000 6
1664986371.605539000 6
1664986371.605539000 6
1664986371.607543000 6
1664986371.607543000 6
1664986371.608934000 6
1664986371.608934000 6
1664986371.645763000 6
1664986371.645763000 6
1664986371.647474000 6
1664986371.647474000 6
1664986371.649412000 6
1664986371.649412000 6
1664986371.686009000 6
1664986371.686009000 6
1664986371.687442000 6
1664986371.687442000 6
1664986371.690443000 6
1664986371.690443000 6
1664986371.727999000 6
1664986371.727999000 6
1664986371.729422000 6
1664986371.729422000 6
1664986371.731064000 6
1664986371.731064000 6
1664986371.768260000 6
1664986371.768260000 6
1664986381.236584000 1
1664986381.278561000 1
1664986381.280061000 1
1664986381.284039000 1
1664986381.318827000 1
1664986381.321991000 1
1664986381.359179000 1
1664986381.361495000 1
1664986381.364703000 1
1664986381.486281000 6
1664986381.486281000 6
1664986381.528568000 6
1664986381.528568000 6
1664986381.565694000 6
1664986381.565694000 6
1664986381.567118000 6
1664986381.567118000 6
1664986381.568382000 6
1664986381.568382000 6
1664986381.605670000 6
1664986381.605670000 6
1664986381.607797000 6
1664986381.607797000 6
1664986381.647819000 6
1664986381.647819000 6
1664986381.649182000 6
1664986381.649182000 6
1664986381.650949000 6
1664986381.650949000 6
1664986381.691558000 6
1664986381.691558000 6
1664986381.692959000 6
1664986381.692959000 6
1664986381.694373000 6
1664986381.694373000 6
1664986381.731277000 6
1664986381.731277000 6
1664986381.738345000 6
1664986381.738345000 6
1664986381.774385000 6
1664986381.774385000 6
1664986391.237698000 1
1664986391.239307000 1
1664986391.240873000 1
1664986391.280248000 1
1664986391.284274000 1
1664986391.285623000 1
1664986391.319575000 1
1664986391.321159000 1
1664986391.323277000 1
1664986391.364226000 1
1664986391.486605000 6
1664986391.486605000 6
1664986391.524831000 6
1664986391.524831000 6
1664986391.565406000 6
1664986391.565406000 6
1664986391.567043000 6
1664986391.567043000 6
1664986391.605293000 6
1664986391.605293000 6
1664986391.606914000 6
1664986391.606914000 6
1664986391.608560000 6
1664986391.608560000 6
1664986391.648032000 6
1664986391.648032000 6
1664986391.649434000 6
1664986391.649434000 6
1664986391.651233000 6
1664986391.651233000 6
1664986391.697400000 6
1664986391.697400000 6
1664986391.698768000 6
1664986391.698768000 6
1664986391.700544000 6
1664986391.700544000 6
1664986391.731234000 6
1664986391.731234000 6
1664986391.770384000 6
1664986391.770384000 6
1664986391.771807000 6
1664986391.771807000 6
1664986401.240537000 1
1664986401.241929000 1
1664986401.686000 1
1664986401.281108000 1
1664986401.282841000 1
1664986401.284397000 1
1664986401.323189000 1
1664986401.324958000 1
1664986401.326227000 1
1664986401.363537000 1
1664986401.365211000 1
1664986401.366821000 1
1664986401.487667000 6
1664986401.487667000 6
1664986401.489094000 6
1664986401.489094000 6
1664986401.491823000 6
1664986401.491823000 6
1664986401.539517000 6
1664986401.539517000 6
1664986401.569491000 6
1664986401.569491000 6
1664986401.572418000 6
1664986401.572418000 6
1664986401.573868000 6
1664986401.573868000 6
1664986401.610146000 6
1664986401.610146000 6
1664986401.611544000 6
1664986401.611544000 6
1664986401.613494000 6
1664986401.613494000 6
1664986401.653042000 6
1664986401.653042000 6
1664986401.654550000 6
1664986401.654550000 6
1664986401.656697000 6
1664986401.656697000 6
1664986401.693986000 6
1664986401.693986000 6
1664986401.695391000 6
1664986401.695391000 6
1664986401.697621000 6
1664986401.697621000 6
1664986401.736095000 6
1664986401.736095000 6
1664986401.739299000 6
1664986401.739299000 6
1664986401.775444000 6
1664986401.775444000 6
1664986401.860927000 6
1664986401.860927000 6
1664986411.244421000 1
1664986411.247904000 1
1664986411.249753000 1
1664986411.284130000 1
1664986411.285552000 1
1664986411.287532000 1
1664986411.327688000 1
1664986411.329552000 1
1664986411.366131000 1
1664986411.367755000 1
1664986411.369037000 1
1664986411.451554000 1
1664986411.492078000 6
1664986411.492078000 6
1664986411.574580000 6
1664986411.574580000 6
1664986411.576580000 6
1664986411.576580000 6
1664986411.577939000 6
1664986411.577939000 6
1664986411.615157000 6
1664986411.615157000 6
1664986411.617413000 6
1664986411.617413000 6
1664986411.618805000 6
1664986411.618805000 6
1664986411.657832000 6
1664986411.657832000 6
1664986411.661483000 6
1664986411.661483000 6
1664986411.697727000 6
1664986411.697727000 6
1664986411.699129000 6
1664986411.699129000 6
1664986411.702756000 6
1664986411.702756000 6
1664986411.739730000 6
1664986411.739730000 6
1664986411.741132000 6
1664986411.741132000 6
1664986411.742615000 6
1664986411.742615000 6
1664986411.780300000 6
1664986411.780300000 6
1664986411.830120000 6
1664986411.830120000 6
1664986421.246882000 1
1664986421.248327000 1
1664986421.252831000 1
1664986421.286922000 1
1664986421.288260000 1
1664986421.289612000 1
1664986421.328309000 1
1664986421.331895000 1
1664986421.373473000 1
1664986421.493830000 6
1664986421.493830000 6
1664986421.497051000 6
1664986421.497051000 6
1664986421.539488000 6
1664986421.539488000 6
1664986421.574340000 6
1664986421.574340000 6
1664986421.576019000 6
1664986421.576019000 6
1664986421.615553000 6
1664986421.615553000 6
1664986421.619111000 6
1664986421.619111000 6
1664986421.656803000 6
1664986421.656803000 6
1664986421.660144000 6
1664986421.660144000 6
1664986421.661474000 6
1664986421.661474000 6
1664986421.695928000 6
1664986421.695928000 6
1664986421.697826000 6
1664986421.697826000 6
1664986421.699177000 6
1664986421.699177000 6
1664986421.738400000 6
1664986421.738400000 6
1664986421.739845000 6
1664986421.739845000 6
1664986421.779847000 6
1664986421.779847000 6
1664986421.821852000 6
1664986421.821852000 6
1664986431.253618000 1
1664986431.255110000 1
1664986431.256509000 1
1664986431.291673000 1
1664986431.294745000 1
1664986431.297202000 1
1664986431.335990000 1
1664986431.337452000 1
1664986431.338805000 1
1664986431.371000 1
1664986431.373820000 1
1664986431.377105000 1
1664986431.497359000 6
1664986431.497359000 6
1664986431.498761000 6
1664986431.498761000 6
1664986431.500197000 6
1664986431.500197000 6
1664986431.542296000 6
1664986431.542296000 6
1664986431.579158000 6
1664986431.579158000 6
1664986431.580863000 6
1664986431.580863000 6
1664986431.582982000 6
1664986431.582982000 6
1664986431.619172000 6
1664986431.619172000 6
1664986431.620596000 6
1664986431.620596000 6
1664986431.621989000 6
1664986431.621989000 6
1664986431.660695000 6
1664986431.660695000 6
1664986431.662285000 6
1664986431.662285000 6
1664986431.700894000 6
1664986431.700894000 6
1664986431.705861000 6
1664986431.705861000 6
1664986431.707180000 6
1664986431.707180000 6
1664986431.744280000 6
1664986431.744280000 6
1664986431.787065000 6
1664986431.787065000 6
1664986431.789632000 6
1664986431.789632000 6
1664986441.255400000 1
1664986441.256767000 1
1664986441.258878000 1
1664986441.294161000 1
1664986441.297722000 1
1664986441.300288000 1
1664986441.336829000 1
1664986441.338172000 1
1664986441.376429000 1
1664986441.377830000 1
1664986441.420439000 1
1664986441.502760000 6
1664986441.502760000 6
1664986441.505937000 6
1664986441.505937000 6
1664986441.542582000 6
1664986441.542582000 6
1664986441.586208000 6
1664986441.586208000 6
1664986441.587758000 6
1664986441.587758000 6
1664986441.623006000 6
1664986441.623006000 6
1664986441.624959000 6
1664986441.624959000 6
1664986441.626257000 6
1664986441.626257000 6
1664986441.665483000 6
1664986441.665483000 6
1664986441.666884000 6
1664986441.666884000 6
1664986441.668530000 6
1664986441.668530000 6
1664986441.708466000 6
1664986441.708466000 6
1664986441.709869000 6
1664986441.709869000 6
1664986441.712070000 6
1664986441.712070000 6
1664986441.747916000 6
1664986441.747916000 6
1664986441.750916000 6
1664986441.750916000 6
1664986441.790313000 6
1664986441.790313000 6
1664986451.255563000 1
1664986451.256986000 1
1664986451.258357000 1
1664986451.295289000 1
1664986451.297264000 1
1664986451.298962000 1
1664986451.337393000 1
1664986451.338816000 1
1664986451.340371000 1
1664986451.377643000 1
1664986451.379414000 1
1664986451.381214000 1
1664986451.461192000 1
1664986451.501269000 6
1664986451.501269000 6
1664986451.502744000 6
1664986451.502744000 6
1664986451.505046000 6
1664986451.505046000 6
1664986451.542729000 6
1664986451.542729000 6
1664986451.544363000 6
1664986451.544363000 6
1664986451.583143000 6
1664986451.583143000 6
1664986451.584791000 6
1664986451.584791000 6
1664986451.587144000 6
1664986451.587144000 6
1664986451.629569000 6
1664986451.629569000 6
1664986451.631046000 6
1664986451.631046000 6
1664986451.664716000 6
1664986451.664716000 6
1664986451.666083000 6
1664986451.666083000 6
1664986451.668020000 6
1664986451.668020000 6
1664986451.713340000 6
1664986451.713340000 6
1664986451.715066000 6
1664986451.715066000 6
1664986451.716527000 6
1664986451.716527000 6
1664986451.748393000 6
1664986451.748393000 6
1664986451.752720000 6
1664986451.752720000 6
1664986451.786964000 6
1664986451.786964000 6
1664986451.788464000 6
1664986451.788464000 6
1664986451.789793000 6
1664986451.789793000 6
1664986461.258415000 1
1664986461.259917000 1
1664986461.261539000 1
1664986461.297490000 1
1664986461.299098000 1
1664986461.300449000 1
1664986461.339264000 1
1664986461.340620000 1
1664986461.342919000 1
1664986461.380241000 1
1664986461.381635000 1
1664986461.383327000 1
1664986461.588867000 6
1664986461.588867000 6
1664986461.590267000 6
1664986461.590267000 6
1664986461.594133000 6
1664986461.594133000 6
1664986461.628913000 6
1664986461.628913000 6
1664986461.630714000 6
1664986461.630714000 6
1664986461.669897000 6
1664986461.669897000 6
1664986461.671202000 6
1664986461.671202000 6
1664986461.673004000 6
1664986461.673004000 6
1664986461.710067000 6
1664986461.710067000 6
1664986461.711663000 6
1664986461.711663000 6
1664986461.712989000 6
1664986461.712989000 6
1664986461.753139000 6
1664986461.753139000 6
1664986461.754697000 6
1664986461.754697000 6
1664986461.791117000 6
1664986461.791117000 6
1664986461.792514000 6
1664986461.792514000 6
1664986461.794565000 6
1664986461.794565000 6
1664986471.258440000 1
1664986471.267956000 1
1664986471.269370000 1
1664986471.297972000 1
1664986471.299367000 1
1664986471.300651000 1
1664986471.339529000 1
1664986471.341317000 1
1664986471.342651000 1
1664986471.387505000 1
1664986471.388921000 1
1664986471.423557000 1
1664986471.464820000 1
1664986471.507502000 6
1664986471.507502000 6
1664986471.548900000 6
1664986471.548900000 6
1664986471.588001000 6
1664986471.588001000 6
1664986471.590085000 6
1664986471.590085000 6
1664986471.591474000 6
1664986471.591474000 6
1664986471.628973000 6
1664986471.628973000 6
1664986471.630446000 6
1664986471.630446000 6
1664986471.631997000 6
1664986471.631997000 6
1664986471.668774000 6
1664986471.668774000 6
1664986471.671069000 6
1664986471.671069000 6
1664986471.673523000 6
1664986471.673523000 6
1664986471.709374000 6
1664986471.709374000 6
1664986471.710851000 6
1664986471.710851000 6
1664986471.713051000 6
1664986471.713051000 6
1664986471.793600000 6
1664986471.793600000 6
1664986471.795049000 6
1664986471.795049000 6
1664986481.263340000 1
1664986481.264740000 1
1664986481.267311000 1
1664986481.303526000 1
1664986481.305639000 1
1664986481.306993000 1
1664986481.347285000 1
1664986481.348719000 1
1664986481.386264000 1
1664986481.388534000 1
1664986481.389826000 1
1664986481.512265000 6
1664986481.512265000 6
1664986481.515992000 6
1664986481.515992000 6
1664986481.594691000 6
1664986481.594691000 6
1664986481.596120000 6
1664986481.596120000 6
1664986481.597439000 6
1664986481.597439000 6
1664986481.634671000 6
1664986481.634671000 6
1664986481.636690000 6
1664986481.636690000 6
1664986481.638032000 6
1664986481.638032000 6
1664986481.692002000 6
1664986481.692002000 6
1664986481.696039000 6
1664986481.696039000 6
1664986481.700092000 6
1664986481.700092000 6
1664986481.751066000 6
1664986481.751066000 6
1664986481.753414000 6
1664986481.753414000 6
1664986481.755626000 6
1664986481.755626000 6
1664986481.763971000 6
1664986481.763971000 6
1664986481.771867000 6
1664986481.771867000 6
1664986481.773244000 6
1664986481.773244000 6
1664986481.803493000 6
1664986481.803493000 6
1664986481.807693000 6
1664986481.807693000 6
1664986491.263221000 1
1664986491.265363000 1
1664986491.266658000 1
1664986491.303343000 1
1664986491.305493000 1
1664986491.307000000 1
1664986491.344596000 1
1664986491.346021000 1
1664986491.348351000 1
1664986491.386474000 1
1664986491.390516000 1
1664986491.428744000 1
1664986491.430178000 1
1664986491.513247000 6
1664986491.513247000 6
1664986491.551395000 6
1664986491.551395000 6
1664986491.552797000 6
1664986491.552797000 6
1664986491.591556000 6
1664986491.591556000 6
1664986491.593065000 6
1664986491.593065000 6
1664986491.594669000 6
1664986491.594669000 6
1664986491.632941000 6
1664986491.632941000 6
1664986491.634282000 6
1664986491.634282000 6
1664986491.635718000 6
1664986491.635718000 6
1664986491.675071000 6
1664986491.675071000 6
1664986491.676431000 6
1664986491.676431000 6
1664986491.678604000 6
1664986491.678604000 6
1664986491.714792000 6
1664986491.714792000 6
1664986491.716272000 6
1664986491.716272000 6
1664986491.717619000 6
1664986491.717619000 6
1664986491.756417000 6
1664986491.756417000 6
1664986491.757850000 6
1664986491.757850000 6
1664986491.759956000 6
1664986491.759956000 6
1664986491.799144000 6
1664986491.799144000 6
1664986501.276011000 1
1664986501.279905000 1
1664986501.287042000 1
1664986501.306759000 1
1664986501.308283000 1
1664986501.310006000 1
1664986501.355343000 1
1664986501.356853000 1
1664986501.389500000 1
1664986501.391077000 1
1664986501.431500000 1
1664986501.472501000 1
1664986501.473856000 1
1664986501.553154000 6
1664986501.553154000 6
1664986501.555737000 6
1664986501.555737000 6
1664986501.557202000 6
1664986501.557202000 6
1664986501.594997000 6
1664986501.594997000 6
1664986501.596399000 6
1664986501.596399000 6
1664986501.597945000 6
1664986501.597945000 6
1664986501.636358000 6
1664986501.636358000 6
1664986501.639256000 6
1664986501.639256000 6
1664986501.677041000 6
1664986501.677041000 6
1664986501.678507000 6
1664986501.678507000 6
1664986501.680388000 6
1664986501.680388000 6
1664986501.717355000 6
1664986501.717355000 6
1664986501.718692000 6
1664986501.718692000 6
1664986501.720716000 6
1664986501.720716000 6
1664986501.760116000 6
1664986501.760116000 6
1664986501.801738000 6
1664986501.801738000 6
1664986501.851830000 6
1664986501.851830000 6
1664986511.271450000 1
1664986511.273022000 1
1664986511.274373000 1
1664986511.311323000 1
1664986511.312722000 1
1664986511.315596000 1
1664986511.354630000 1
1664986511.356124000 1
1664986511.360933000 1
1664986511.395347000 1
1664986511.396748000 1
1664986511.438327000 1
1664986511.518643000 6
1664986511.518643000 6
1664986511.522153000 6
1664986511.522153000 6
1664986511.561674000 6
1664986511.561674000 6
1664986511.600478000 6
1664986511.600478000 6
1664986511.605026000 6
1664986511.605026000 6
1664986511.640651000 6
1664986511.640651000 6
1664986511.642355000 6
1664986511.642355000 6
1664986511.644258000 6
1664986511.644258000 6
1664986511.682502000 6
1664986511.682502000 6
1664986511.684438000 6
1664986511.684438000 6
1664986511.685798000 6
1664986511.685798000 6
1664986511.725597000 6
1664986511.725597000 6
1664986511.726936000 6
1664986511.726936000 6
1664986511.728317000 6
1664986511.728317000 6
1664986511.765095000 6
1664986511.765095000 6
1664986511.766437000 6
1664986511.766437000 6
1664986511.807659000 6
1664986511.807659000 6
1664986511.809547000 6
1664986511.809547000 6
1664986511.810902000 6
1664986511.810902000 6
1664986521.272108000 1
1664986521.277258000 1
1664986521.278608000 1
1664986521.312036000 1
1664986521.313572000 1
1664986521.316045000 1
1664986521.353370000 1
1664986521.354929000 1
1664986521.394471000 1
1664986521.396122000 1
1664986521.397431000 1
1664986521.475904000 1
1664986521.518029000 6
1664986521.518029000 6
1664986521.557851000 6
1664986521.557851000 6
1664986521.561303000 6
1664986521.561303000 6
1664986521.567627000 6
1664986521.567627000 6
1664986521.599676000 6
1664986521.599676000 6
1664986521.601010000 6
1664986521.601010000 6
1664986521.603030000 6
1664986521.603030000 6
1664986521.641214000 6
1664986521.641214000 6
1664986521.642713000 6
1664986521.642713000 6
1664986521.644098000 6
1664986521.644098000 6
1664986521.681865000 6
1664986521.681865000 6
1664986521.683327000 6
1664986521.683327000 6
1664986521.685936000 6
1664986521.685936000 6
1664986521.724275000 6
1664986521.724275000 6
1664986521.725703000 6
1664986521.725703000 6
1664986521.727605000 6
1664986521.727605000 6
1664986521.767185000 6
1664986521.767185000 6
1664986521.811783000 6
1664986521.811783000 6
1664986521.815404000 6
1664986521.815404000 6
1664986531.274462000 1
1664986531.275929000 1
1664986531.277602000 1
1664986531.316130000 1
1664986531.317479000 1
1664986531.358048000 1
1664986531.360025000 1
1664986531.361288000 1
1664986531.396627000 1
1664986531.398060000 1
1664986531.399424000 1
1664986531.560463000 6
1664986531.560463000 6
1664986531.562065000 6
1664986531.562065000 6
1664986531.563406000 6
1664986531.563406000 6
1664986531.602318000 6
1664986531.602318000 6
1664986531.604269000 6
1664986531.604269000 6
1664986531.605621000 6
1664986531.605621000 6
1664986531.643032000 6
1664986531.643032000 6
1664986531.644459000 6
1664986531.644459000 6
1664986531.646125000 6
1664986531.646125000 6
1664986531.683873000 6
1664986531.683873000 6
1664986531.685357000 6
1664986531.685357000 6
1664986531.687894000 6
1664986531.687894000 6
1664986531.724771000 6
1664986531.724771000 6
1664986531.726731000 6
1664986531.726731000 6
1664986531.767906000 6
1664986531.767906000 6
1664986531.769429000 6
1664986531.769429000 6
1664986541.283523000 1
1664986541.326429000 1
1664986541.327921000 1
1664986541.330057000 1
1664986541.361957000 1
1664986541.363376000 1
1664986541.403722000 1
1664986541.405730000 1
1664986541.444954000 1
1664986541.446846000 1
1664986541.609379000 6
1664986541.609379000 6
1664986541.610818000 6
1664986541.610818000 6
1664986541.650997000 6
1664986541.650997000 6
1664986541.653049000 6
1664986541.653049000 6
1664986541.654307000 6
1664986541.654307000 6
1664986541.692196000 6
1664986541.692196000 6
1664986541.693561000 6
1664986541.693561000 6
1664986541.694935000 6
1664986541.694935000 6
1664986541.732160000 6
1664986541.732160000 6
1664986541.734633000 6
1664986541.734633000 6
1664986541.736024000 6
1664986541.736024000 6
1664986541.773675000 6
1664986541.773675000 6
1664986541.775035000 6
1664986541.775035000 6
1664986541.776822000 6
1664986541.776822000 6
1664986541.813986000 6
1664986541.813986000 6
1664986541.815473000 6
1664986541.815473000 6
1664986541.817525000 6
1664986541.817525000 6
1664986551.286288000 1
1664986551.287888000 1
1664986551.290044000 1
1664986551.324414000 1
1664986551.325953000 1
1664986551.328988000 1
1664986551.366243000 1
1664986551.367623000 1
1664986551.369015000 1
1664986551.406268000 1
1664986551.409440000 1
1664986551.411092000 1
1664986551.531045000 6
1664986551.531045000 6
1664986551.532695000 6
1664986551.532695000 6
1664986551.534033000 6
1664986551.534033000 6
1664986551.570497000 6
1664986551.570497000 6
1664986551.571839000 6
1664986551.571839000 6
1664986551.610582000 6
1664986551.610582000 6
1664986551.613042000 6
1664986551.613042000 6
1664986551.614730000 6
1664986551.614730000 6
1664986551.653268000 6
1664986551.653268000 6
1664986551.654731000 6
1664986551.654731000 6
1664986551.699146000 6
1664986551.699146000 6
1664986551.700654000 6
1664986551.700654000 6
1664986551.702771000 6
1664986551.702771000 6
1664986551.733519000 6
1664986551.733519000 6
1664986551.734917000 6
1664986551.734917000 6
1664986551.737644000 6
1664986551.737644000 6
1664986551.775832000 6
1664986551.775832000 6
1664986551.777591000 6
1664986551.777591000 6
1664986551.785668000 6
1664986551.785668000 6
1664986551.817715000 6
1664986551.817715000 6
1664986551.819094000 6
1664986551.819094000 6
1664986561.288925000 1
1664986561.324411000 1
1664986561.326041000 1
1664986561.330706000 1
1664986561.365389000 1
1664986561.366909000 1
1664986561.370181000 1
1664986561.407689000 1
1664986561.409112000 1
1664986561.410751000 1
1664986561.450868000 1
1664986561.488387000 1
1664986561.530506000 6
1664986561.530506000 6
1664986561.532719000 6
1664986561.532719000 6
1664986561.571726000 6
1664986561.571726000 6
1664986561.610656000 6
1664986561.610656000 6
1664986561.612740000 6
1664986561.612740000 6
1664986561.614171000 6
1664986561.614171000 6
1664986561.654126000 6
1664986561.654126000 6
1664986561.655559000 6
1664986561.655559000 6
1664986561.657717000 6
1664986561.657717000 6
1664986561.692958000 6
1664986561.692958000 6
1664986561.694375000 6
1664986561.694375000 6
1664986561.696197000 6
1664986561.696197000 6
1664986561.735222000 6
1664986561.735222000 6
1664986561.736555000 6
1664986561.736555000 6
1664986561.738720000 6
1664986561.738720000 6
1664986561.774256000 6
1664986561.774256000 6
1664986561.777541000 6
1664986561.777541000 6
1664986561.816200000 6
1664986561.816200000 6
1664986571.287122000 1
1664986571.288518000 1
1664986571.291592000 1
1664986571.327395000 1
1664986571.328729000 1
1664986571.330294000 1
1664986571.368981000 1
1664986571.370470000 1
1664986571.372277000 1
1664986571.410918000 1
1664986571.415378000 1
1664986571.418320000 1
1664986571.456309000 1
1664986571.537402000 6
1664986571.537402000 6
1664986571.577257000 6
1664986571.577257000 6
1664986571.578531000 6
1664986571.578531000 6
1664986571.616337000 6
1664986571.616337000 6
1664986571.617801000 6
1664986571.617801000 6
1664986571.619334000 6
1664986571.619334000 6
1664986571.656648000 6
1664986571.656648000 6
1664986571.659284000 6
1664986571.659284000 6
1664986571.660720000 6
1664986571.660720000 6
1664986571.698460000 6
1664986571.698460000 6
1664986571.700013000 6
1664986571.700013000 6
1664986571.702618000 6
1664986571.702618000 6
1664986571.738760000 6
1664986571.738760000 6
1664986571.740185000 6
1664986571.740185000 6
1664986571.742597000 6
1664986571.742597000 6
1664986571.781363000 6
1664986571.781363000 6
1664986571.784902000 6
1664986571.784902000 6
1664986571.821703000 6
1664986571.821703000 6
1664986571.824314000 6
1664986571.824314000 6
1664986571.904626000 6
1664986571.904626000 6
1664986581.294467000 1
1664986581.295928000 1
1664986581.297703000 1
1664986581.334753000 1
1664986581.336116000 1
1664986581.337992000 1
1664986581.377104000 1
1664986581.378527000 1
1664986581.380001000 1
1664986581.417188000 1
1664986581.418650000 1
1664986581.419943000 1
1664986581.462081000 1
1664986581.624086000 6
1664986581.624086000 6
1664986581.625508000 6
1664986581.625508000 6
1664986581.627523000 6
1664986581.627523000 6
1664986581.665060000 6
1664986581.665060000 6
1664986581.667108000 6
1664986581.667108000 6
1664986581.668708000 6
1664986581.668708000 6
1664986581.708734000 6
1664986581.708734000 6
1664986581.713260000 6
1664986581.713260000 6
1664986581.755574000 6
1664986581.755574000 6
1664986581.757760000 6
1664986581.757760000 6
1664986581.762711000 6
1664986581.762711000 6
1664986581.791998000 6
1664986581.791998000 6
1664986581.793532000 6
1664986581.793532000 6
1664986581.829862000 6
1664986581.829862000 6
1664986581.831284000 6
1664986581.831284000 6
1664986581.832909000 6
1664986581.832909000 6
1664986591.297542000 1
1664986591.298903000 1
1664986591.301168000 1
1664986591.338131000 1
1664986591.339549000 1
1664986591.342080000 1
1664986591.379124000 1
1664986591.380541000 1
1664986591.382292000 1
1664986591.420002000 1
1664986591.421420000 1
1664986591.423246000 1
1664986591.502869000 1
1664986591.542197000 6
1664986591.542197000 6
1664986591.543623000 6
1664986591.543623000 6
1664986591.624171000 6
1664986591.624171000 6
1664986591.628671000 6
1664986591.628671000 6
1664986591.630125000 6
1664986591.630125000 6
1664986591.664374000 6
1664986591.664374000 6
1664986591.665775000 6
1664986591.665775000 6
1664986591.707631000 6
1664986591.707631000 6
1664986591.709748000 6
1664986591.709748000 6
1664986591.713174000 6
1664986591.713174000 6
1664986591.747953000 6
1664986591.747953000 6
1664986591.750426000 6
1664986591.750426000 6
1664986591.751776000 6
1664986591.751776000 6
1664986591.789673000 6
1664986591.789673000 6
1664986591.791072000 6
1664986591.791072000 6
1664986591.833595000 6
1664986591.833595000 6
1664986591.842126000 6
1664986591.842126000 6
1664986601.300134000 1
1664986601.302034000 1
1664986601.306835000 1
1664986601.339085000 1
1664986601.343609000 1
1664986601.381282000 1
1664986601.382718000 1
1664986601.384060000 1
1664986601.421244000 1
1664986601.422711000 1
1664986601.424013000 1
1664986601.506512000 1
1664986601.545690000 6
1664986601.545690000 6
1664986601.587380000 6
1664986601.587380000 6
1664986601.589591000 6
1664986601.589591000 6
1664986601.590879000 6
1664986601.590879000 6
1664986601.628041000 6
1664986601.628041000 6
1664986601.629451000 6
1664986601.629451000 6
1664986601.631601000 6
1664986601.631601000 6
1664986601.669616000 6
1664986601.669616000 6
1664986601.671764000 6
1664986601.671764000 6
1664986601.673142000 6
1664986601.673142000 6
1664986601.709948000 6
1664986601.709948000 6
1664986601.711368000 6
1664986601.711368000 6
1664986601.714372000 6
1664986601.714372000 6
1664986601.750445000 6
1664986601.750445000 6
1664986601.751825000 6
1664986601.751825000 6
1664986601.753196000 6
1664986601.753196000 6
1664986601.791868000 6
1664986601.791868000 6
1664986601.796796000 6
1664986601.796796000 6
1664986611.307087000 1
1664986611.313196000 1
1664986611.322808000 1
1664986611.348781000 1
1664986611.350259000 1
1664986611.351611000 1
1664986611.388384000 1
1664986611.389789000 1
1664986611.391353000 1
1664986611.428533000 1
1664986611.429961000 1
1664986611.516231000 1
1664986611.552339000 6
1664986611.552339000 6
1664986611.553763000 6
1664986611.553763000 6
1664986611.592140000 6
1664986611.592140000 6
1664986611.598366000 6
1664986611.598366000 6
1664986611.634817000 6
1664986611.634817000 6
1664986611.636316000 6
1664986611.636316000 6
1664986611.637577000 6
1664986611.637577000 6
1664986611.676140000 6
1664986611.676140000 6
1664986611.677525000 6
1664986611.677525000 6
1664986611.719165000 6
1664986611.719165000 6
1664986611.720665000 6
1664986611.720665000 6
1664986611.756518000 6
1664986611.756518000 6
1664986611.757917000 6
1664986611.757917000 6
1664986611.759610000 6
1664986611.759610000 6
1664986611.798899000 6
1664986611.798899000 6
1664986611.800362000 6
1664986611.800362000 6
1664986611.840977000 6
1664986611.840977000 6
1664986621.307865000 1
1664986621.309292000 1
1664986621.310732000 1
1664986621.348036000 1
1664986621.349441000 1
1664986621.350768000 1
1664986621.391091000 1
1664986621.392527000 1
1664986621.393908000 1
1664986621.434709000 1
1664986621.437692000 1
1664986621.479280000 1
1664986621.556761000 6
1664986621.556761000 6
1664986621.636801000 6
1664986621.636801000 6
1664986621.639089000 6
1664986621.639089000 6
1664986621.640373000 6
1664986621.640373000 6
1664986621.676801000 6
1664986621.676801000 6
1664986621.678264000 6
1664986621.678264000 6
1664986621.681676000 6
1664986621.681676000 6
1664986621.718489000 6
1664986621.718489000 6
1664986621.721650000 6
1664986621.721650000 6
1664986621.758518000 6
1664986621.758518000 6
1664986621.759915000 6
1664986621.759915000 6
1664986621.761249000 6
1664986621.761249000 6
1664986621.843656000 6
1664986621.843656000 6
1664986631.313884000 1
1664986631.316757000 1
1664986631.320285000 1
1664986631.354552000 1
1664986631.356663000 1
1664986631.358646000 1
1664986631.395735000 1
1664986631.397165000 1
1664986631.398562000 1
1664986631.436789000 1
1664986631.438422000 1
1664986631.439982000 1
1664986631.478789000 1
1664986631.566015000 6
1664986631.566015000 6
1664986631.600514000 6
1664986631.600514000 6
1664986631.641568000 6
1664986631.641568000 6
1664986631.642925000 6
1664986631.642925000 6
1664986631.644819000 6
1664986631.644819000 6
1664986631.681296000 6
1664986631.681296000 6
1664986631.683077000 6
1664986631.683077000 6
1664986631.684665000 6
1664986631.684665000 6
1664986631.723442000 6
1664986631.723442000 6
1664986631.724868000 6
1664986631.724868000 6
1664986631.732970000 6
1664986631.732970000 6
1664986631.763419000 6
1664986631.763419000 6
1664986631.764795000 6
1664986631.764795000 6
1664986631.766469000 6
1664986631.766469000 6
1664986631.804740000 6
1664986631.804740000 6
1664986631.808671000 6
1664986631.808671000 6
1664986631.845952000 6
1664986631.845952000 6
1664986631.847843000 6
1664986631.847843000 6
1664986631.849512000 6
1664986631.849512000 6
1664986641.327168000 1
1664986641.331567000 1
1664986641.333092000 1
1664986641.356747000 1
1664986641.363371000 1
1664986641.364716000 1
1664986641.398066000 1
1664986641.399491000 1
1664986641.401932000 1
1664986641.438693000 1
1664986641.440119000 1
1664986641.443920000 1
1664986641.522184000 1
1664986641.567097000 6
1664986641.567097000 6
1664986641.568421000 6
1664986641.568421000 6
1664986641.644532000 6
1664986641.644532000 6
1664986641.646009000 6
1664986641.646009000 6
1664986641.647819000 6
1664986641.647819000 6
1664986641.685059000 6
1664986641.685059000 6
1664986641.688422000 6
1664986641.688422000 6
1664986641.689774000 6
1664986641.689774000 6
1664986641.726753000 6
1664986641.726753000 6
1664986641.732320000 6
1664986641.732320000 6
1664986641.733648000 6
1664986641.733648000 6
1664986641.767574000 6
1664986641.767574000 6
1664986641.770799000 6
1664986641.770799000 6
1664986641.808714000 6
1664986641.808714000 6
1664986641.811825000 6
1664986641.811825000 6
1664986641.853792000 6
1664986641.853792000 6
1664986641.890938000 6
1664986641.890938000 6
1664986641.934749000 6
1664986641.934749000 6
1664986651.319102000 1
1664986651.320749000 1
1664986651.322038000 1
1664986651.361624000 1
1664986651.363580000 1
1664986651.364929000 1
1664986651.401956000 1
1664986651.403355000 1
1664986651.404673000 1
1664986651.445102000 1
1664986651.446702000 1
1664986651.448025000 1
1664986651.485601000 1
1664986651.570384000 6
1664986651.570384000 6
1664986651.571984000 6
1664986651.571984000 6
1664986651.573309000 6
1664986651.573309000 6
1664986651.650607000 6
1664986651.650607000 6
1664986651.652505000 6
1664986651.652505000 6
1664986651.653881000 6
1664986651.653881000 6
1664986651.692660000 6
1664986651.692660000 6
1664986651.694360000 6
1664986651.694360000 6
1664986651.733207000 6
1664986651.733207000 6
1664986651.734573000 6
1664986651.734573000 6
1664986651.738225000 6
1664986651.738225000 6
1664986651.773882000 6
1664986651.773882000 6
1664986651.775303000 6
1664986651.775303000 6
1664986651.776630000 6
1664986651.776630000 6
1664986651.817459000 6
1664986651.817459000 6
1664986651.820648000 6
1664986651.820648000 6
1664986651.857334000 6
1664986651.857334000 6
1664986661.319858000 1
1664986661.321257000 1
1664986661.323047000 1
1664986661.361186000 1
1664986661.363215000 1
1664986661.364535000 1
1664986661.401440000 1
1664986661.402863000 1
1664986661.406260000 1
1664986661.448772000 1
1664986661.493536000 1
1664986661.572319000 6
1664986661.572319000 6
1664986661.609095000 6
1664986661.609095000 6
1664986661.610449000 6
1664986661.610449000 6
1664986661.612093000 6
1664986661.612093000 6
1664986661.649922000 6
1664986661.649922000 6
1664986661.651257000 6
1664986661.651257000 6
1664986661.653139000 6
1664986661.653139000 6
1664986661.690368000 6
1664986661.690368000 6
1664986661.691793000 6
1664986661.691793000 6
1664986661.693944000 6
1664986661.693944000 6
1664986661.737544000 6
1664986661.737544000 6
1664986661.739643000 6
1664986661.739643000 6
1664986661.740967000 6
1664986661.740967000 6
1664986661.773470000 6
1664986661.773470000 6
1664986661.774921000 6
1664986661.774921000 6
1664986661.776245000 6
1664986661.776245000 6
1664986661.817932000 6
1664986661.817932000 6
1664986661.855221000 6
1664986661.855221000 6
1664986661.858303000 6
1664986661.858303000 6
1664986671.328109000 1
1664986671.329575000 1
1664986671.332752000 1
1664986671.371574000 1
1664986671.372976000 1
1664986671.375097000 1
1664986671.411453000 1
1664986671.412813000 1
1664986671.420352000 1
1664986671.448597000 1
1664986671.452776000 1
1664986671.490578000 1
1664986671.614580000 6
1664986671.614580000 6
1664986671.615976000 6
1664986671.615976000 6
1664986671.655819000 6
1664986671.655819000 6
1664986671.657305000 6
1664986671.657305000 6
1664986671.660534000 6
1664986671.660534000 6
1664986671.695781000 6
1664986671.695781000 6
1664986671.698907000 6
1664986671.698907000 6
1664986671.700381000 6
1664986671.700381000 6
1664986671.740593000 6
1664986671.740593000 6
1664986671.745108000 6
1664986671.745108000 6
1664986671.746767000 6
1664986671.746767000 6
1664986671.778210000 6
1664986671.778210000 6
1664986671.779632000 6
1664986671.779632000 6
1664986671.783081000 6
1664986671.783081000 6
1664986671.861533000 6
1664986671.861533000 6
1664986681.331991000 1
1664986681.333364000 1
1664986681.365689000 1
1664986681.367093000 1
1664986681.368725000 1
1664986681.408917000 1
1664986681.410318000 1
1664986681.415516000 1
1664986681.448744000 1
1664986681.450102000 1
1664986681.451490000 1
1664986681.491937000 1
1664986681.535301000 1
1664986681.576227000 6
1664986681.576227000 6
1664986681.655570000 6
1664986681.655570000 6
1664986681.656970000 6
1664986681.656970000 6
1664986681.659256000 6
1664986681.659256000 6
1664986681.695573000 6
1664986681.695573000 6
1664986681.696997000 6
1664986681.696997000 6
1664986681.698604000 6
1664986681.698604000 6
1664986681.741019000 6
1664986681.741019000 6
1664986681.777923000 6
1664986681.777923000 6
1664986681.779321000 6
1664986681.779321000 6
1664986681.782355000 6
1664986681.782355000 6
1664986681.821598000 6
1664986681.821598000 6
1664986681.823098000 6
1664986681.823098000 6
1664986692.662043000 1
1664986692.664421000 1
1664986692.665767000 1
1664986692.701508000 1
1664986692.702974000 1
1664986692.704562000 1
1664986692.744744000 1
1664986692.746198000 1
1664986692.832354000 1
1664986692.833747000 1
1664986692.864995000 1
1664986692.908107000 6
1664986692.908107000 6
1664986692.988974000 6
1664986692.988974000 6
1664986692.990376000 6
1664986692.990376000 6
1664986692.992830000 6
1664986692.992830000 6
1664986693.030159000 6
1664986693.030159000 6
1664986693.032377000 6
1664986693.032377000 6
1664986693.039649000 6
1664986693.039649000 6
1664986693.072944000 6
1664986693.072944000 6
1664986693.075153000 6
1664986693.075153000 6
1664986693.076503000 6
1664986693.076503000 6
1664986693.111086000 6
1664986693.111086000 6
1664986693.112577000 6
1664986693.112577000 6
1664986693.114587000 6
1664986693.114587000 6
1664986693.196140000 6
1664986693.196140000 6
1664986693.238792000 6
1664986693.238792000 6
1664986711.997102000 1
1664986711.998431000 1
1664986712.033615000 1
1664986712.035106000 1
1664986712.036904000 1
1664986712.077579000 1
1664986712.078935000 1
1664986712.083761000 1
1664986712.118404000 1
1664986712.121856000 1
1664986712.164508000 1
1664986712.200432000 1
1664986712.326534000 6
1664986712.326534000 6
1664986712.328265000 6
1664986712.328265000 6
1664986712.329692000 6
1664986712.329692000 6
1664986712.363357000 6
1664986712.363357000 6
1664986712.364787000 6
1664986712.364787000 6
1664986712.368435000 6
1664986712.368435000 6
1664986712.405262000 6
1664986712.405262000 6
1664986712.406894000 6
1664986712.406894000 6
1664986712.408171000 6
1664986712.408171000 6
1664986712.449646000 6
1664986712.449646000 6
1664986712.451141000 6
1664986712.451141000 6
1664986712.454386000 6
1664986712.454386000 6
1664986712.486610000 6
1664986712.486610000 6
1664986712.532725000 6
1664986712.532725000 6
1664986747.393704000 1
1664986747.397316000 1
1664986747.398978000 1
1664986747.431979000 1
1664986747.433317000 1
1664986747.437305000 1
1664986747.475531000 1
1664986747.477383000 1
1664986747.478731000 1
1664986747.516104000 1
1664986747.519128000 1
1664986747.600256000 1
1664986747.601578000 1
1664986747.639460000 6
1664986747.639460000 6
1664986747.641207000 6
1664986747.641207000 6
1664986747.642588000 6
1664986747.642588000 6
1664986747.677086000 6
1664986747.677086000 6
1664986747.678970000 6
1664986747.678970000 6
1664986747.721034000 6
1664986747.721034000 6
1664986747.722934000 6
1664986747.722934000 6
1664986747.724283000 6
1664986747.724283000 6
1664986747.761848000 6
1664986747.761848000 6
1664986747.763265000 6
1664986747.763265000 6
1664986747.802036000 6
1664986747.802036000 6
1664986747.805537000 6
1664986747.805537000 6
1664986747.880219000 6
1664986747.880219000 6
1664986747.884012000 6
1664986747.884012000 6
1664986747.885365000 6
1664986747.885365000 6
1664986747.924438000 6
1664986747.924438000 6
1664986747.927522000 6
1664986747.927522000 6
