1665167761.086919 1 -46
1665167761.086938 6 -66
1665167761.086938 6 -66
1665167761.088511 1 -45
1665167761.088530 6 -66
1665167761.088530 6 -66
1665167761.106038 1 -46
1665167761.108856 1 -45
1665167761.129169 1 -47
1665167761.129188 6 -55
1665167761.129188 6 -55
1665167761.130562 1 -47
1665167761.130730 6 -57
1665167761.130730 6 -57
1665167761.149106 1 -50
1665167761.153208 1 -50
1665167761.154539 6 -55
1665167761.154539 6 -55
1665167761.154645 1 -50
1665167761.174074 1 -60
1665167761.174093 6 -52
1665167761.174093 6 -52
1665167761.190034 1 -55
1665167761.192065 1 -59
1665167761.193760 1 -59
1665167761.233227 1 -70
1665167761.252376 6 -39
1665167761.252376 6 -39
1665167761.253811 6 -39
1665167761.253811 6 -39
1665167761.255242 6 -40
1665167761.255242 6 -40
1665167761.271763 6 -39
1665167761.271763 6 -39
1665167761.273186 6 -40
1665167761.273186 6 -40
1665167761.293509 6 -36
1665167761.293509 6 -36
1665167761.295069 6 -36
1665167761.295069 6 -36
1665167761.296858 6 -38
1665167761.296858 6 -38
1665167761.317610 6 -39
1665167761.317610 6 -39
1665167761.319212 6 -39
1665167761.319212 6 -39
1665167761.320759 6 -40
1665167761.320759 6 -40
1665167761.337040 6 -41
1665167761.337040 6 -41
1665167761.338351 1 -90
1665167761.358734 6 -43
1665167761.358734 6 -43
1665167761.724912 1 -37
1665167761.730915 1 -38
1665167761.732292 1 -37
1665167761.764737 1 -37
1665167761.766066 1 -37
1665167761.805171 1 -41
1665167761.806561 1 -41
1665167761.808211 1 -41
1665167761.845440 1 -41
1665167761.846860 1 -41
1665167761.848813 1 -41
1665167761.887067 6 -63
1665167761.887067 6 -63
1665167761.888486 6 -63
1665167761.888486 6 -63
1665167762.050131 6 -35
1665167762.050131 6 -35
1665167762.051565 6 -35
1665167762.051565 6 -35
1665167762.054047 6 -35
1665167762.054047 6 -35
1665167762.090240 6 -36
1665167762.090240 6 -36
1665167762.091694 6 -33
1665167762.091694 6 -33
1665167762.132171 6 -35
1665167762.132171 6 -35
1665167762.133567 6 -32
1665167762.133567 6 -32
1665167762.135891 6 -33
1665167762.135891 6 -33
1665167762.172619 6 -33
1665167762.172619 6 -33
1665167762.174740 6 -32
1665167762.174740 6 -32
1665167762.176002 6 -33
1665167762.176002 6 -33
1665167762.214392 6 -37
1665167762.214392 6 -37
1665167762.215819 6 -37
1665167762.215819 6 -37
1665167762.217592 6 -36
1665167762.217592 6 -36
1665167762.255941 6 -37
1665167762.255941 6 -37
1665167762.257303 6 -37
1665167762.257303 6 -37
1665167762.258880 6 -39
1665167762.258880 6 -39
1665167762.422344 6 -70
1665167762.422344 6 -70
1665167762.544923 6 -83
1665167762.544923 6 -83
1665167762.546376 6 -85
1665167762.546376 6 -85
1665167769.613921 1 -41
1665167769.615370 1 -41
1665167769.654925 1 -42
1665167769.656874 1 -42
1665167769.658205 1 -42
1665167769.695976 1 -43
1665167769.697374 1 -45
1665167769.698885 1 -44
1665167769.736045 1 -42
1665167769.738923 1 -43
1665167769.740270 1 -44
1665167769.860437 6 -36
1665167769.860437 6 -36
1665167769.940502 6 -29
1665167769.940502 6 -29
1665167769.941929 6 -29
1665167769.941929 6 -29
1665167769.943375 6 -29
1665167769.943375 6 -29
1665167769.980727 6 -29
1665167769.980727 6 -29
1665167769.982625 6 -28
1665167769.982625 6 -28
1665167769.984077 6 -29
1665167769.984077 6 -29
1665167770.021902 6 -26
1665167770.021902 6 -26
1665167770.024955 6 -26
1665167770.024955 6 -26
1665167770.026605 6 -26
1665167770.026605 6 -26
1665167770.079585 6 -25
1665167770.079585 6 -25
1665167770.085274 6 -25
1665167770.085274 6 -25
1665167770.086735 6 -25
1665167770.086735 6 -25
1665167770.110130 6 -30
1665167770.110130 6 -30
1665167770.111900 6 -29
1665167770.111900 6 -29
1665167770.144552 6 -29
1665167770.144552 6 -29
1665167770.146132 6 -30
1665167770.146132 6 -30
1665167770.147550 6 -29
1665167770.147550 6 -29
1665167780.927526 1 -42
1665167780.929887 1 -43
1665167780.931236 1 -40
1665167780.968172 1 -41
1665167780.969881 1 -41
1665167780.974425 1 -42
1665167781.011509 1 -43
1665167781.013149 1 -44
1665167781.050279 1 -42
1665167781.051701 1 -45
1665167781.056025 1 -44
1665167781.091845 1 -50
1665167781.135977 1 -43
1665167781.215505 6 -36
1665167781.215505 6 -36
1665167781.256007 6 -29
1665167781.256007 6 -29
1665167781.257429 6 -28
1665167781.257429 6 -28
1665167781.259254 6 -28
1665167781.259254 6 -28
1665167781.297330 6 -28
1665167781.297330 6 -28
1665167781.299651 6 -28
1665167781.299651 6 -28
1665167781.300973 6 -28
1665167781.300973 6 -28
1665167781.339479 6 -28
1665167781.339479 6 -28
1665167781.341102 6 -27
1665167781.341102 6 -27
1665167781.344136 6 -26
1665167781.344136 6 -26
1665167781.378055 6 -26
1665167781.378055 6 -26
1665167781.383830 6 -27
1665167781.383830 6 -27
1665167781.385351 6 -25
1665167781.385351 6 -25
1665167781.420284 6 -30
1665167781.420284 6 -30
1665167781.421705 6 -29
1665167781.421705 6 -29
1665167781.423454 6 -29
1665167781.423454 6 -29
1665167781.460632 6 -30
1665167781.460632 6 -30
1665167781.462026 6 -66
1665167781.462026 6 -66
1665167781.463757 6 -29
1665167781.463757 6 -29
1665167800.280866 1 -43
1665167800.319092 1 -43
1665167800.323037 1 -44
1665167800.324593 1 -43
1665167800.358414 1 -45
1665167800.362985 1 -45
1665167800.364807 1 -44
1665167800.398037 1 -44
1665167800.399462 1 -44
1665167800.401349 1 -46
1665167800.525813 6 -36
1665167800.525813 6 -36
1665167800.563044 6 -36
1665167800.563044 6 -36
1665167800.566143 6 -36
1665167800.566143 6 -36
1665167800.605763 6 -29
1665167800.605763 6 -29
1665167800.608265 6 -29
1665167800.608265 6 -29
1665167800.609590 6 -29
1665167800.609590 6 -29
1665167800.644842 6 -29
1665167800.644842 6 -29
1665167800.646241 6 -28
1665167800.646241 6 -28
1665167800.647638 6 -29
1665167800.647638 6 -29
1665167800.687166 6 -26
1665167800.687166 6 -26
1665167800.688615 6 -27
1665167800.688615 6 -27
1665167800.690087 6 -26
1665167800.690087 6 -26
1665167800.741749 6 -26
1665167800.741749 6 -26
1665167800.744164 6 -26
1665167800.744164 6 -26
1665167800.745593 6 -26
1665167800.745593 6 -26
1665167800.768265 6 -28
1665167800.768265 6 -28
1665167800.769687 6 -30
1665167800.769687 6 -30
1665167800.771615 6 -29
1665167800.771615 6 -29
1665167800.808842 6 -28
1665167800.808842 6 -28
1665167800.810282 6 -30
1665167800.810282 6 -30
1665167800.811793 6 -30
1665167800.811793 6 -30
1665167835.629246 1 -42
1665167835.633247 1 -43
1665167835.634591 1 -41
1665167835.668947 1 -43
1665167835.670508 1 -41
1665167835.672496 1 -42
1665167835.710524 1 -41
1665167835.711972 1 -43
1665167835.713544 1 -43
1665167835.751298 1 -44
1665167835.752717 1 -44
1665167835.754254 1 -42
1665167835.793021 1 -47
1665167835.795983 1 -50
1665167835.833275 1 -46
1665167835.915418 6 -36
1665167835.915418 6 -36
1665167835.957754 6 -28
1665167835.957754 6 -28
1665167835.959304 6 -29
1665167835.959304 6 -29
1665167835.997953 6 -29
1665167835.997953 6 -29
1665167836.039530 6 -27
1665167836.039530 6 -27
1665167836.040948 6 -26
1665167836.040948 6 -26
1665167836.043009 6 -26
1665167836.043009 6 -26
1665167836.079552 6 -27
1665167836.079552 6 -27
1665167836.081030 6 -25
1665167836.081030 6 -25
1665167836.084504 6 -27
1665167836.084504 6 -27
1665167836.122905 6 -29
1665167836.122905 6 -29
1665167836.124324 6 -30
1665167836.124324 6 -30
1665167836.125928 6 -30
1665167836.125928 6 -30
1665167836.161151 6 -31
1665167836.161151 6 -31
1665167836.162673 6 -30
1665167836.162673 6 -30
1665167836.164065 6 -29
1665167836.164065 6 -29
1665167836.369340 6 -69
1665167836.369340 6 -69
1665167902.950254 1 -44
1665167902.952725 1 -46
1665167902.992027 1 -44
1665167902.993425 1 -44
1665167902.996853 1 -45
1665167903.035376 1 -45
1665167903.036727 1 -46
1665167903.073302 1 -45
1665167903.074702 1 -44
1665167903.277905 6 -29
1665167903.277905 6 -29
1665167903.279353 6 -29
1665167903.279353 6 -29
1665167903.280706 6 -29
1665167903.280706 6 -29
1665167903.317948 6 -25
1665167903.317948 6 -25
1665167903.319353 6 -27
1665167903.319353 6 -27
1665167903.320730 6 -29
1665167903.320730 6 -29
1665167903.363004 6 -26
1665167903.363004 6 -26
1665167903.364401 6 -26
1665167903.364401 6 -26
1665167903.371928 6 -25
1665167903.371928 6 -25
1665167903.411804 6 -77
1665167903.411804 6 -77
1665167903.421377 6 -25
1665167903.421377 6 -25
1665167903.422731 6 -27
1665167903.422731 6 -27
1665167903.448557 6 -29
1665167903.448557 6 -29
1665167903.450172 6 -30
1665167903.450172 6 -30
1665167903.482356 6 -30
1665167903.482356 6 -30
1665167903.483805 6 -31
1665167903.483805 6 -31
1665167903.485131 6 -30
1665167903.485131 6 -30
1665168034.290616 1 -42
1665168034.292020 1 -42
1665168034.293766 1 -44
1665168034.330563 1 -43
1665168034.332854 1 -43
1665168034.334176 1 -42
1665168034.372487 1 -44
1665168034.373920 1 -45
1665168034.412164 1 -45
1665168034.539116 6 -36
1665168034.539116 6 -36
1665168034.575369 6 -35
1665168034.575369 6 -35
1665168034.578163 6 -36
1665168034.578163 6 -36
1665168034.617620 6 -28
1665168034.617620 6 -28
1665168034.619646 6 -28
1665168034.619646 6 -28
1665168034.621269 6 -28
1665168034.621269 6 -28
1665168034.657521 6 -28
1665168034.657521 6 -28
1665168034.658943 6 -28
1665168034.658943 6 -28
1665168034.660395 6 -28
1665168034.660395 6 -28
1665168034.699193 6 -26
1665168034.699193 6 -26
1665168034.700593 6 -28
1665168034.700593 6 -28
1665168034.702244 6 -26
1665168034.702244 6 -26
1665168034.752445 6 -25
1665168034.752445 6 -25
1665168034.757972 6 -27
1665168034.757972 6 -27
1665168034.763271 6 -25
1665168034.763271 6 -25
1665168034.782743 6 -30
1665168034.782743 6 -30
1665168034.784420 6 -30
1665168034.784420 6 -30
1665168034.785769 6 -31
1665168034.785769 6 -31
1665168034.823148 6 -29
1665168034.823148 6 -29
1665168034.824547 6 -32
1665168034.824547 6 -32
1665168034.825891 6 -29
1665168034.825891 6 -29
1665168034.909238 6 -72
1665168034.909238 6 -72
1665168165.560480 1 -43
1665168165.561894 1 -44
1665168165.563730 1 -43
1665168165.601574 1 -45
1665168165.602984 1 -43
1665168165.608777 1 -43
1665168165.645729 1 -45
1665168165.684484 1 -45
1665168165.687477 1 -44
1665168165.728706 1 -50
1665168165.772802 1 -44
1665168165.813865 6 -36
1665168165.813865 6 -36
1665168165.852485 6 -36
1665168165.852485 6 -36
1665168165.892807 6 -28
1665168165.892807 6 -28
1665168165.894234 6 -27
1665168165.894234 6 -27
1665168165.895605 6 -28
1665168165.895605 6 -28
1665168165.932827 6 -28
1665168165.932827 6 -28
1665168165.934261 6 -28
1665168165.934261 6 -28
1665168165.935536 6 -28
1665168165.935536 6 -28
1665168165.974428 6 -26
1665168165.974428 6 -26
1665168165.975982 6 -27
1665168165.975982 6 -27
1665168165.977303 6 -25
1665168165.977303 6 -25
1665168166.014707 6 -25
1665168166.014707 6 -25
1665168166.018397 6 -27
1665168166.018397 6 -27
1665168166.021057 6 -28
1665168166.021057 6 -28
1665168166.057870 6 -30
1665168166.057870 6 -30
1665168166.059834 6 -32
1665168166.059834 6 -32
1665168166.097804 6 -30
1665168166.097804 6 -30
1665168166.099660 6 -30
1665168166.099660 6 -30
1665168166.101329 6 -30
1665168166.101329 6 -30
1665168296.855189 1 -44
1665168296.856962 1 -43
1665168296.858316 1 -43
1665168296.896188 1 -44
1665168296.898138 1 -43
1665168296.899466 1 -43
1665168296.938639 1 -44
1665168296.940065 1 -45
1665168296.942301 1 -46
1665168296.980469 1 -44
1665168296.984287 1 -45
1665168296.985614 1 -45
1665168297.062867 1 -52
1665168297.143690 6 -36
1665168297.143690 6 -36
1665168297.187990 6 -28
1665168297.187990 6 -28
1665168297.189412 6 -28
1665168297.189412 6 -28
1665168297.194542 6 -29
1665168297.194542 6 -29
1665168297.226943 6 -29
1665168297.226943 6 -29
1665168297.228365 6 -29
1665168297.228365 6 -29
1665168297.230247 6 -28
1665168297.230247 6 -28
1665168297.268346 6 -26
1665168297.268346 6 -26
1665168297.270619 6 -26
1665168297.270619 6 -26
1665168297.272340 6 -27
1665168297.272340 6 -27
1665168297.311518 6 -27
1665168297.311518 6 -27
1665168297.312946 6 -25
1665168297.312946 6 -25
1665168297.315598 6 -26
1665168297.315598 6 -26
1665168297.357390 6 -29
1665168297.357390 6 -29
1665168297.358841 6 -29
1665168297.358841 6 -29
1665168297.362643 6 -30
1665168297.362643 6 -30
1665168297.393969 6 -29
1665168297.393969 6 -29
1665168428.129970 1 -44
1665168428.132045 1 -44
1665168428.133397 1 -44
1665168428.168822 1 -45
1665168428.172022 1 -43
1665168428.173485 1 -43
1665168428.210288 1 -45
1665168428.212993 1 -43
1665168428.214346 1 -44
1665168428.250621 1 -44
1665168428.252072 1 -45
1665168428.377048 6 -35
1665168428.377048 6 -35
1665168428.459428 6 -28
1665168428.459428 6 -28
1665168428.461202 6 -29
1665168428.461202 6 -29
1665168428.495429 6 -29
1665168428.495429 6 -29
1665168428.497173 6 -29
1665168428.497173 6 -29
1665168428.498529 6 -29
1665168428.498529 6 -29
1665168428.537304 6 -27
1665168428.537304 6 -27
1665168428.538698 6 -27
1665168428.538698 6 -27
1665168428.543224 6 -89
1665168428.543224 6 -89
1665168428.583698 6 -27
1665168428.583698 6 -27
1665168428.586181 6 -28
1665168428.586181 6 -28
1665168428.587529 6 -25
1665168428.587529 6 -25
1665168428.619362 6 -31
1665168428.619362 6 -31
1665168428.620763 6 -29
1665168428.620763 6 -29
1665168428.622528 6 -29
1665168428.622528 6 -29
1665168428.660379 6 -30
1665168428.660379 6 -30
1665168428.661873 6 -29
1665168428.661873 6 -29
1665168428.663223 6 -30
1665168428.663223 6 -30
1665168559.445207 1 -43
1665168559.448077 1 -43
1665168559.449428 1 -43
1665168559.485380 1 -42
1665168559.487579 1 -43
1665168559.489277 1 -43
1665168559.527180 1 -43
1665168559.528606 1 -44
1665168559.530356 1 -45
1665168559.567609 1 -45
1665168559.568967 1 -45
1665168559.693768 6 -36
1665168559.693768 6 -36
1665168559.731058 6 -36
1665168559.731058 6 -36
1665168559.732510 6 -36
1665168559.732510 6 -36
1665168559.736261 6 -36
1665168559.736261 6 -36
1665168559.773079 6 -28
1665168559.773079 6 -28
1665168559.774485 6 -28
1665168559.774485 6 -28
1665168559.776205 6 -29
1665168559.776205 6 -29
1665168559.813456 6 -29
1665168559.813456 6 -29
1665168559.814895 6 -29
1665168559.814895 6 -29
1665168559.816609 6 -29
1665168559.816609 6 -29
1665168559.855393 6 -28
1665168559.855393 6 -28
1665168559.856807 6 -26
1665168559.856807 6 -26
1665168559.858126 6 -27
1665168559.858126 6 -27
1665168559.895313 6 -25
1665168559.895313 6 -25
1665168559.898086 6 -25
1665168559.898086 6 -25
1665168559.899608 6 -26
1665168559.899608 6 -26
1665168559.936908 6 -29
1665168559.936908 6 -29
1665168559.938307 6 -29
1665168559.938307 6 -29
1665168559.977886 6 -29
1665168559.977886 6 -29
1665168559.979309 6 -29
1665168559.979309 6 -29
1665168559.981991 6 -28
1665168559.981991 6 -28
1665168690.872775 1 -43
1665168690.875314 1 -44
1665168690.876633 1 -42
1665168690.913534 1 -42
1665168690.914947 1 -43
1665168690.917609 1 -42
1665168690.955964 1 -45
1665168690.958314 1 -45
1665168690.996011 1 -46
1665168690.997514 1 -45
1665168690.999290 1 -44
1665168691.201393 6 -28
1665168691.201393 6 -28
1665168691.202819 6 -28
1665168691.202819 6 -28
1665168691.205894 6 -28
1665168691.205894 6 -28
1665168691.241162 6 -28
1665168691.241162 6 -28
1665168691.242568 6 -28
1665168691.242568 6 -28
1665168691.245040 6 -28
1665168691.245040 6 -28
1665168691.282844 6 -26
1665168691.282844 6 -26
1665168691.284441 6 -26
1665168691.284441 6 -26
1665168691.286222 6 -27
1665168691.286222 6 -27
1665168691.323168 6 -25
1665168691.323168 6 -25
1665168691.325039 6 -26
1665168691.325039 6 -26
1665168691.326392 6 -27
1665168691.326392 6 -27
1665168691.366370 6 -29
1665168691.366370 6 -29
1665168691.367913 6 -31
1665168691.367913 6 -31
1665168691.369177 6 -30
1665168691.369177 6 -30
1665168691.406316 6 -29
1665168691.406316 6 -29
1665168691.408139 6 -30
1665168691.408139 6 -30
1665168691.409891 6 -30
1665168691.409891 6 -30
1665168822.199942 1 -44
1665168822.201303 1 -44
1665168822.203215 1 -43
1665168822.240241 1 -44
1665168822.241667 1 -42
1665168822.243154 1 -42
1665168822.284994 1 -44
1665168822.288215 1 -44
1665168822.321443 1 -45
1665168822.324441 1 -43
1665168822.407598 1 -49
1665168822.446694 6 -36
1665168822.446694 6 -36
1665168822.529149 6 -28
1665168822.529149 6 -28
1665168822.531100 6 -29
1665168822.531100 6 -29
1665168822.532449 6 -28
1665168822.532449 6 -28
1665168822.568697 6 -28
1665168822.568697 6 -28
1665168822.570111 6 -28
1665168822.570111 6 -28
1665168822.571449 6 -28
1665168822.571449 6 -28
1665168822.615022 6 -26
1665168822.615022 6 -26
1665168822.616650 6 -27
1665168822.616650 6 -27
1665168822.617999 6 -27
1665168822.617999 6 -27
1665168822.650375 6 -26
1665168822.650375 6 -26
1665168822.651774 6 -27
1665168822.651774 6 -27
1665168822.654427 6 -27
1665168822.654427 6 -27
1665168822.694221 6 -29
1665168822.694221 6 -29
1665168822.695652 6 -31
1665168822.695652 6 -31
1665168822.697570 6 -31
1665168822.697570 6 -31
1665168822.733951 6 -30
1665168822.733951 6 -30
1665168822.735369 6 -30
1665168822.735369 6 -30
1665168822.737470 6 -30
1665168822.737470 6 -30
1665168953.578978 1 -43
1665168953.580449 1 -43
1665168953.583000 1 -42
1665168953.619129 1 -44
1665168953.620524 1 -43
1665168953.624197 1 -45
1665168953.660229 1 -43
1665168953.661626 1 -44
1665168953.663501 1 -44
1665168953.700725 1 -44
1665168953.702182 1 -44
1665168953.703937 1 -45
1665168953.745074 1 -52
1665168953.784375 1 -45
1665168953.826359 6 -36
1665168953.826359 6 -36
1665168953.867380 6 -36
1665168953.867380 6 -36
1665168953.905178 6 -29
1665168953.905178 6 -29
1665168953.906762 6 -28
1665168953.906762 6 -28
1665168953.909231 6 -28
1665168953.909231 6 -28
1665168953.948951 6 -29
1665168953.948951 6 -29
1665168953.987732 6 -26
1665168953.987732 6 -26
1665168953.989150 6 -26
1665168953.989150 6 -26
1665168953.991525 6 -26
1665168953.991525 6 -26
1665168954.034904 6 -27
1665168954.034904 6 -27
1665168954.036253 6 -27
1665168954.036253 6 -27
1665168954.072156 6 -31
1665168954.072156 6 -31
1665168954.073554 6 -30
1665168954.073554 6 -30
1665168954.111554 6 -31
1665168954.111554 6 -31
1665168954.112949 6 -29
1665168954.112949 6 -29
1665168954.114779 6 -31
1665168954.114779 6 -31
1665169084.958435 1 -45
1665169084.960657 1 -43
1665169084.962008 1 -42
1665169084.997857 1 -44
1665169084.999282 1 -45
1665169085.000708 1 -44
1665169085.040336 1 -44
1665169085.041757 1 -44
1665169085.043505 1 -43
1665169085.080734 1 -45
1665169085.165537 1 -44
1665169085.207386 6 -36
1665169085.207386 6 -36
1665169085.208760 6 -36
1665169085.208760 6 -36
1665169085.250311 6 -35
1665169085.250311 6 -35
1665169085.287110 6 -28
1665169085.287110 6 -28
1665169085.288536 6 -29
1665169085.288536 6 -29
1665169085.290396 6 -28
1665169085.290396 6 -28
1665169085.327835 6 -29
1665169085.327835 6 -29
1665169085.329687 6 -28
1665169085.329687 6 -28
1665169085.331360 6 -28
1665169085.331360 6 -28
1665169085.370162 6 -27
1665169085.370162 6 -27
1665169085.371757 6 -26
1665169085.371757 6 -26
1665169085.373111 6 -27
1665169085.373111 6 -27
1665169085.410413 6 -28
1665169085.410413 6 -28
1665169085.411809 6 -27
1665169085.411809 6 -27
1665169085.417289 6 -26
1665169085.417289 6 -26
1665169085.452546 6 -30
1665169085.452546 6 -30
1665169085.454086 6 -29
1665169085.454086 6 -29
1665169085.455457 6 -30
1665169085.455457 6 -30
1665169085.493010 6 -30
1665169085.493010 6 -30
1665169085.494444 6 -31
1665169085.494444 6 -31
1665169085.496111 6 -28
1665169085.496111 6 -28
1665169216.342679 1 -43
1665169216.344422 1 -44
1665169216.345777 1 -43
1665169216.384639 1 -44
1665169216.386929 1 -45
1665169216.388250 1 -43
1665169216.424352 1 -44
1665169216.425774 1 -45
1665169216.427556 1 -44
1665169216.464775 1 -44
1665169216.466208 1 -45
1665169216.468026 1 -43
1665169216.548831 1 -47
1665169216.590832 6 -36
1665169216.590832 6 -36
1665169216.593859 6 -36
1665169216.593859 6 -36
1665169216.670404 6 -29
1665169216.670404 6 -29
1665169216.672153 6 -29
1665169216.672153 6 -29
1665169216.673642 6 -29
1665169216.673642 6 -29
1665169216.712360 6 -29
1665169216.712360 6 -29
1665169216.715307 6 -29
1665169216.715307 6 -29
1665169216.753257 6 -26
1665169216.753257 6 -26
1665169216.754710 6 -27
1665169216.754710 6 -27
1665169216.756606 6 -26
1665169216.756606 6 -26
1665169216.794208 6 -25
1665169216.794208 6 -25
1665169216.795630 6 -27
1665169216.795630 6 -27
1665169216.835630 6 -29
1665169216.835630 6 -29
1665169216.837060 6 -30
1665169216.837060 6 -30
1665169216.838383 6 -30
1665169216.838383 6 -30
1665169216.877459 6 -29
1665169216.877459 6 -29
1665169216.878745 6 -30
1665169216.878745 6 -30
1665169217.041530 1 -88
1665169347.722506 1 -45
1665169347.724657 1 -44
1665169347.726757 1 -42
1665169347.762959 1 -44
1665169347.764358 1 -44
1665169347.766089 1 -44
1665169347.805836 1 -44
1665169347.808757 1 -44
1665169347.847370 1 -45
1665169347.849233 1 -44
1665169347.850589 1 -45
1665169347.971266 6 -36
1665169347.971266 6 -36
1665169348.017165 6 -36
1665169348.017165 6 -36
1665169348.053903 6 -29
1665169348.053903 6 -29
1665169348.055385 6 -29
1665169348.055385 6 -29
1665169348.057465 6 -28
1665169348.057465 6 -28
1665169348.093712 6 -29
1665169348.093712 6 -29
1665169348.095140 6 -29
1665169348.095140 6 -29
1665169348.096789 6 -29
1665169348.096789 6 -29
1665169348.138261 6 -27
1665169348.138261 6 -27
1665169348.140487 6 -26
1665169348.140487 6 -26
1665169348.141807 6 -79
1665169348.141807 6 -79
1665169348.175409 6 -87
1665169348.175409 6 -87
1665169348.176837 6 -27
1665169348.176837 6 -27
1665169348.178613 6 -26
1665169348.178613 6 -26
1665169348.218717 6 -29
1665169348.218717 6 -29
1665169348.221864 6 -30
1665169348.221864 6 -30
1665169348.223184 6 -30
1665169348.223184 6 -30
1665169348.258467 6 -29
1665169348.258467 6 -29
1665169348.259801 6 -31
1665169348.259801 6 -31
1665169348.261868 6 -30
1665169348.261868 6 -30
1665169479.105276 1 -42
1665169479.107499 1 -43
1665169479.108875 1 -45
1665169479.144873 1 -43
1665169479.146273 1 -42
1665169479.148898 1 -44
1665169479.190075 1 -44
1665169479.227001 1 -44
1665169479.229126 1 -44
1665169479.230499 1 -43
1665169479.309975 1 -51
1665169479.393801 6 -36
1665169479.393801 6 -36
1665169479.434203 6 -28
1665169479.434203 6 -28
1665169479.437574 6 -28
1665169479.437574 6 -28
1665169479.476131 6 -28
1665169479.476131 6 -28
1665169479.477882 6 -28
1665169479.477882 6 -28
1665169479.479222 6 -28
1665169479.479222 6 -28
1665169479.517872 6 -27
1665169479.517872 6 -27
1665169479.521279 6 -26
1665169479.521279 6 -26
1665169479.522630 6 -26
1665169479.522630 6 -26
1665169479.559199 6 -27
1665169479.559199 6 -27
1665169479.560975 6 -26
1665169479.560975 6 -26
1665169479.562248 6 -25
1665169479.562248 6 -25
1665169479.598829 6 -30
1665169479.598829 6 -30
1665169479.600224 6 -29
1665169479.600224 6 -29
1665169479.602218 6 -28
1665169479.602218 6 -28
1665169479.639700 6 -29
1665169479.639700 6 -29
1665169479.641130 6 -26
1665169479.641130 6 -26
1665169479.643468 6 -29
1665169479.643468 6 -29
1665169610.493762 1 -42
1665169610.495702 1 -43
1665169610.497512 1 -43
1665169610.534087 1 -43
1665169610.535455 1 -42
1665169610.538010 1 -42
1665169610.575370 1 -45
1665169610.578822 1 -43
1665169610.622996 1 -44
1665169610.745472 6 -36
1665169610.745472 6 -36
1665169610.780572 6 -36
1665169610.780572 6 -36
1665169610.782900 6 -36
1665169610.782900 6 -36
1665169610.822042 6 -29
1665169610.822042 6 -29
1665169610.823450 6 -29
1665169610.823450 6 -29
1665169610.825126 6 -29
1665169610.825126 6 -29
1665169610.862075 6 -27
1665169610.862075 6 -27
1665169610.865048 6 -28
1665169610.865048 6 -28
1665169610.866497 6 -28
1665169610.866497 6 -28
1665169610.909701 6 -27
1665169610.909701 6 -27
1665169610.911849 6 -26
1665169610.911849 6 -26
1665169610.915824 6 -25
1665169610.915824 6 -25
1665169610.947500 6 -25
1665169610.947500 6 -25
1665169610.949898 6 -27
1665169610.949898 6 -27
1665169610.951348 6 -27
1665169610.951348 6 -27
1665169610.987350 6 -28
1665169610.987350 6 -28
1665169610.989181 6 -29
1665169610.989181 6 -29
1665169610.990524 6 -30
1665169610.990524 6 -30
1665169611.031602 6 -30
1665169611.031602 6 -30
1665169611.033400 6 -30
1665169611.033400 6 -30
1665169611.034753 6 -30
1665169611.034753 6 -30
