1665165927.461987 6 -55
1665165927.461987 6 -55
1665165927.463916 6 -55
1665165927.463916 6 -55
1665165927.503145 6 -52
1665165927.503145 6 -52
1665165927.504894 6 -52
1665165927.504894 6 -52
1665165927.506220 6 -53
1665165927.506220 6 -53
1665165927.543416 6 -51
1665165927.543416 6 -51
1665165927.544854 6 -51
1665165927.544854 6 -51
1665165927.546351 6 -51
1665165927.546351 6 -51
1665165930.436929 1 -56
1665165930.438272 1 -57
1665165930.440178 1 -58
1665165930.476780 1 -58
1665165930.478205 1 -57
1665165930.479535 1 -57
1665165930.518430 1 -59
1665165930.521733 1 -58
1665165930.558956 1 -59
1665165930.560381 1 -59
1665165930.603007 1 -67
1665165930.686485 6 -53
1665165930.686485 6 -53
1665165930.725862 6 -53
1665165930.725862 6 -53
1665165930.764641 6 -43
1665165930.764641 6 -43
1665165930.766035 6 -42
1665165930.766035 6 -42
1665165930.767786 6 -43
1665165930.767786 6 -43
1665165930.804021 6 -42
1665165930.804021 6 -42
1665165930.807236 6 -43
1665165930.807236 6 -43
1665165930.808832 6 -43
1665165930.808832 6 -43
1665165930.845611 6 -41
1665165930.845611 6 -41
1665165930.847956 6 -41
1665165930.847956 6 -41
1665165930.849360 6 -41
1665165930.849360 6 -41
1665165930.885832 6 -41
1665165930.885832 6 -41
1665165930.887309 6 -41
1665165930.887309 6 -41
1665165930.889034 6 -41
1665165930.889034 6 -41
1665165930.929431 6 -46
1665165930.929431 6 -46
1665165930.931309 6 -45
1665165930.931309 6 -45
1665165930.968615 6 -45
1665165930.968615 6 -45
1665165930.970354 6 -46
1665165930.970354 6 -46
1665165930.971761 6 -45
1665165930.971761 6 -45
1665165938.318468 1 -38
1665165938.320742 1 -39
1665165938.322489 1 -39
1665165938.359270 1 -39
1665165938.360670 1 -39
1665165938.362495 1 -40
1665165938.401669 1 -44
1665165938.403616 1 -43
1665165938.404967 1 -41
1665165938.441491 1 -42
1665165938.443070 1 -43
1665165938.608992 6 -37
1665165938.608992 6 -37
1665165938.647823 6 -28
1665165938.647823 6 -28
1665165938.649189 6 -28
1665165938.649189 6 -28
1665165938.651697 6 -28
1665165938.651697 6 -28
1665165938.688471 6 -28
1665165938.688471 6 -28
1665165938.689900 6 -29
1665165938.689900 6 -29
1665165938.691246 6 -28
1665165938.691246 6 -28
1665165938.731847 6 -26
1665165938.731847 6 -26
1665165938.733275 6 -26
1665165938.733275 6 -26
1665165938.734923 6 -26
1665165938.734923 6 -26
1665165938.772291 6 -25
1665165938.772291 6 -25
1665165938.773750 6 -26
1665165938.773750 6 -26
1665165938.775596 6 -26
1665165938.775596 6 -26
1665165938.815121 6 -29
1665165938.815121 6 -29
1665165938.816448 6 -30
1665165938.816448 6 -30
1665165938.854471 6 -29
1665165938.854471 6 -29
1665165938.855899 6 -30
1665165938.855899 6 -30
1665165938.857425 6 -29
1665165938.857425 6 -29
1665165949.710598 1 -39
1665165949.712020 1 -39
1665165949.713772 1 -39
1665165949.750772 1 -39
1665165949.752200 1 -39
1665165949.754374 1 -39
1665165949.792674 1 -43
1665165949.794098 1 -43
1665165949.796270 1 -42
1665165949.834045 1 -42
1665165949.835897 1 -44
1665165949.996957 6 -36
1665165949.996957 6 -36
1665165950.036728 6 -28
1665165950.036728 6 -28
1665165950.038185 6 -29
1665165950.038185 6 -29
1665165950.040798 6 -28
1665165950.040798 6 -28
1665165950.077004 6 -27
1665165950.077004 6 -27
1665165950.078452 6 -28
1665165950.078452 6 -28
1665165950.079900 6 -28
1665165950.079900 6 -28
1665165950.120627 6 -27
1665165950.120627 6 -27
1665165950.122126 6 -27
1665165950.122126 6 -27
1665165950.124226 6 -27
1665165950.124226 6 -27
1665165950.159578 6 -27
1665165950.159578 6 -27
1665165950.161000 6 -27
1665165950.161000 6 -27
1665165950.162481 6 -27
1665165950.162481 6 -27
1665165950.200549 6 -29
1665165950.200549 6 -29
1665165950.202080 6 -30
1665165950.202080 6 -30
1665165950.203674 6 -30
1665165950.203674 6 -30
1665165950.240203 6 -29
1665165950.240203 6 -29
1665165950.241652 6 -29
1665165950.241652 6 -29
1665165950.243001 6 -29
1665165950.243001 6 -29
1665165969.111487 1 -38
1665165969.113193 1 -38
1665165969.115385 1 -38
1665165969.151261 1 -39
1665165969.153190 1 -39
1665165969.154791 1 -38
1665165969.193386 1 -41
1665165969.194862 1 -42
1665165969.196971 1 -41
1665165969.234190 1 -43
1665165969.235589 1 -41
1665165969.238291 1 -41
1665165969.278739 1 -50
1665165969.439843 6 -28
1665165969.439843 6 -28
1665165969.441265 6 -29
1665165969.441265 6 -29
1665165969.442740 6 -28
1665165969.442740 6 -28
1665165969.480343 6 -28
1665165969.480343 6 -28
1665165969.485092 6 -28
1665165969.485092 6 -28
1665165969.486389 6 -29
1665165969.486389 6 -29
1665165969.521241 6 -29
1665165969.521241 6 -29
1665165969.522642 6 -26
1665165969.522642 6 -26
1665165969.525091 6 -27
1665165969.525091 6 -27
1665165969.567993 6 -25
1665165969.567993 6 -25
1665165969.578843 6 -26
1665165969.578843 6 -26
1665165969.598046 6 -27
1665165969.598046 6 -27
1665165969.603516 6 -29
1665165969.603516 6 -29
1665165969.605017 6 -28
1665165969.605017 6 -28
1665165969.606390 6 -29
1665165969.606390 6 -29
1665165969.643593 6 -29
1665165969.643593 6 -29
1665165969.645140 6 -30
1665165969.645140 6 -30
1665165969.646641 6 -29
1665165969.646641 6 -29
1665166004.537231 1 -39
1665166004.538656 1 -40
1665166004.540382 1 -40
1665166004.577833 1 -39
1665166004.579303 1 -40
1665166004.581133 1 -41
1665166004.619304 1 -43
1665166004.659665 1 -44
1665166004.661180 1 -42
1665166004.867932 6 -28
1665166004.867932 6 -28
1665166004.869360 6 -29
1665166004.869360 6 -29
1665166004.871757 6 -27
1665166004.871757 6 -27
1665166004.908008 6 -28
1665166004.908008 6 -28
1665166004.950359 6 -25
1665166004.950359 6 -25
1665166004.952259 6 -27
1665166004.952259 6 -27
1665166004.953633 6 -26
1665166004.953633 6 -26
1665166004.994064 6 -25
1665166004.994064 6 -25
1665166004.995486 6 -25
1665166004.995486 6 -25
1665166005.002840 6 -25
1665166005.002840 6 -25
1665166005.032089 6 -31
1665166005.032089 6 -31
1665166005.033509 6 -30
1665166005.033509 6 -30
1665166005.034961 6 -31
1665166005.034961 6 -31
1665166005.071860 6 -30
1665166005.071860 6 -30
1665166005.075242 6 -30
1665166005.075242 6 -30
1665166071.969926 1 -39
1665166071.971795 1 -40
1665166071.973147 1 -39
1665166072.010273 1 -39
1665166072.011677 1 -39
1665166072.014897 1 -39
1665166072.051522 1 -42
1665166072.052921 1 -42
1665166072.060569 1 -43
1665166072.091798 1 -42
1665166072.093218 1 -43
1665166072.094771 1 -42
1665166072.297448 6 -28
1665166072.297448 6 -28
1665166072.298971 6 -29
1665166072.298971 6 -29
1665166072.300300 6 -29
1665166072.300300 6 -29
1665166072.339344 6 -28
1665166072.339344 6 -28
1665166072.341673 6 -29
1665166072.341673 6 -29
1665166072.342997 6 -28
1665166072.342997 6 -28
1665166072.379300 6 -26
1665166072.379300 6 -26
1665166072.381099 6 -29
1665166072.381099 6 -29
1665166072.382375 6 -27
1665166072.382375 6 -27
1665166072.432650 6 -28
1665166072.432650 6 -28
1665166072.434722 6 -27
1665166072.434722 6 -27
1665166072.436048 6 -25
1665166072.436048 6 -25
1665166072.462157 6 -28
1665166072.462157 6 -28
1665166072.464143 6 -30
1665166072.464143 6 -30
1665166072.505275 6 -29
1665166072.505275 6 -29
1665166072.506746 6 -29
1665166072.506746 6 -29
1665166203.352649 1 -39
1665166203.354385 1 -39
1665166203.355775 1 -40
1665166203.392902 1 -38
1665166203.394300 1 -39
1665166203.396277 1 -38
1665166203.442175 1 -43
1665166203.476426 1 -43
1665166203.479550 1 -41
1665166203.646303 6 -35
1665166203.646303 6 -35
1665166203.683778 6 -29
1665166203.683778 6 -29
1665166203.686058 6 -28
1665166203.686058 6 -28
1665166203.723725 6 -28
1665166203.723725 6 -28
1665166203.725132 6 -29
1665166203.725132 6 -29
1665166203.731255 6 -29
1665166203.731255 6 -29
1665166203.766030 6 -26
1665166203.766030 6 -26
1665166203.767453 6 -27
1665166203.767453 6 -27
1665166203.769102 6 -25
1665166203.769102 6 -25
1665166203.806928 6 -26
1665166203.806928 6 -26
1665166203.812477 6 -26
1665166203.812477 6 -26
1665166203.813807 6 -26
1665166203.813807 6 -26
1665166203.854459 6 -28
1665166203.854459 6 -28
1665166203.855953 6 -29
1665166203.855953 6 -29
1665166203.857475 6 -29
1665166203.857475 6 -29
1665166203.892929 6 -29
1665166203.892929 6 -29
1665166334.722979 1 -40
1665166334.725347 1 -39
1665166334.726847 1 -39
1665166334.763925 1 -40
1665166334.766225 1 -41
1665166334.768022 1 -39
1665166334.805444 1 -42
1665166334.807126 1 -42
1665166334.809271 1 -43
1665166334.846099 1 -43
1665166334.847522 1 -43
1665166334.851195 1 -43
1665166334.930671 1 -86
1665166334.969822 1 -65
1665166335.011605 6 -36
1665166335.011605 6 -36
1665166335.054198 6 -28
1665166335.054198 6 -28
1665166335.092073 6 -28
1665166335.092073 6 -28
1665166335.093477 6 -29
1665166335.093477 6 -29
1665166335.134549 6 -29
1665166335.134549 6 -29
1665166335.135978 6 -29
1665166335.135978 6 -29
1665166335.137449 6 -27
1665166335.137449 6 -27
1665166335.175132 6 -27
1665166335.175132 6 -27
1665166335.176775 6 -28
1665166335.176775 6 -28
1665166335.178151 6 -27
1665166335.178151 6 -27
1665166335.215952 6 -30
1665166335.215952 6 -30
1665166335.256050 6 -29
1665166335.256050 6 -29
1665166335.258228 6 -29
1665166335.258228 6 -29
1665166335.259496 6 -30
1665166335.259496 6 -30
1665166466.103612 1 -39
1665166466.105035 1 -39
1665166466.106910 1 -39
1665166466.143692 1 -39
1665166466.145136 1 -39
1665166466.146464 1 -40
1665166466.185588 1 -41
1665166466.228286 1 -42
1665166466.229638 1 -43
1665166466.351115 6 -37
1665166466.351115 6 -37
1665166466.436319 6 -29
1665166466.436319 6 -29
1665166466.437640 6 -29
1665166466.437640 6 -29
1665166466.472866 6 -28
1665166466.472866 6 -28
1665166466.474266 6 -28
1665166466.474266 6 -28
1665166466.476391 6 -29
1665166466.476391 6 -29
1665166466.516966 6 -26
1665166466.516966 6 -26
1665166466.518818 6 -28
1665166466.518818 6 -28
1665166466.520766 6 -26
1665166466.520766 6 -26
1665166466.555539 6 -25
1665166466.555539 6 -25
1665166466.556945 6 -28
1665166466.556945 6 -28
1665166466.567915 6 -27
1665166466.567915 6 -27
1665166466.596695 6 -29
1665166466.596695 6 -29
1665166466.598720 6 -28
1665166466.598720 6 -28
1665166466.600039 6 -30
1665166466.600039 6 -30
1665166466.636234 6 -29
1665166466.636234 6 -29
1665166466.639060 6 -29
1665166466.639060 6 -29
1665166597.485246 1 -39
1665166597.490347 1 -40
1665166597.525247 1 -39
1665166597.526651 1 -38
1665166597.528401 1 -39
1665166597.569675 1 -42
1665166597.573973 1 -42
1665166597.607622 1 -42
1665166597.609599 1 -43
1665166597.733200 6 -36
1665166597.733200 6 -36
1665166597.811476 6 -29
1665166597.811476 6 -29
1665166597.812924 6 -28
1665166597.812924 6 -28
1665166597.815750 6 -28
1665166597.815750 6 -28
1665166597.853827 6 -28
1665166597.853827 6 -28
1665166597.855178 6 -29
1665166597.855178 6 -29
1665166597.893910 6 -25
1665166597.893910 6 -25
1665166597.895375 6 -27
1665166597.895375 6 -27
1665166597.897903 6 -27
1665166597.897903 6 -27
1665166597.937082 6 -25
1665166597.937082 6 -25
1665166597.947850 6 -25
1665166597.947850 6 -25
1665166597.976978 6 -30
1665166597.976978 6 -30
1665166597.979279 6 -29
1665166597.979279 6 -29
1665166598.019531 6 -29
1665166598.019531 6 -29
1665166598.020951 6 -30
1665166598.020951 6 -30
1665166728.869179 1 -39
1665166728.872256 1 -38
1665166728.875625 1 -39
1665166728.907203 1 -38
1665166728.908703 1 -39
1665166728.910030 1 -39
1665166728.947955 1 -42
1665166728.951554 1 -42
1665166728.988806 1 -41
1665166728.990358 1 -42
1665166728.991983 1 -42
1665166729.114986 6 -36
1665166729.114986 6 -36
1665166729.195784 6 -28
1665166729.195784 6 -28
1665166729.198082 6 -28
1665166729.198082 6 -28
1665166729.199409 6 -28
1665166729.199409 6 -28
1665166729.235581 6 -28
1665166729.235581 6 -28
1665166729.237004 6 -28
1665166729.237004 6 -28
1665166729.238667 6 -29
1665166729.238667 6 -29
1665166729.279111 6 -29
1665166729.279111 6 -29
1665166729.281260 6 -27
1665166729.281260 6 -27
1665166729.317490 6 -26
1665166729.317490 6 -26
1665166729.318961 6 -27
1665166729.318961 6 -27
1665166729.320610 6 -25
1665166729.320610 6 -25
1665166729.359708 6 -30
1665166729.359708 6 -30
1665166729.361054 6 -29
1665166729.361054 6 -29
1665166729.363204 6 -29
1665166729.363204 6 -29
1665166729.412160 6 -30
1665166729.412160 6 -30
1665166729.413430 6 -29
1665166729.413430 6 -29
1665166860.266366 1 -39
1665166860.268062 1 -39
1665166860.271532 1 -39
1665166860.304508 1 -38
1665166860.306881 1 -39
1665166860.308259 1 -39
1665166860.347408 1 -43
1665166860.348735 1 -43
1665166860.386109 1 -43
1665166860.549535 6 -37
1665166860.549535 6 -37
1665166860.591837 6 -28
1665166860.591837 6 -28
1665166860.593565 6 -28
1665166860.593565 6 -28
1665166860.594910 6 -29
1665166860.594910 6 -29
1665166860.632440 6 -28
1665166860.632440 6 -28
1665166860.634035 6 -28
1665166860.634035 6 -28
1665166860.635387 6 -29
1665166860.635387 6 -29
1665166860.673162 6 -25
1665166860.673162 6 -25
1665166860.674738 6 -28
1665166860.674738 6 -28
1665166860.677095 6 -25
1665166860.677095 6 -25
1665166860.716590 6 -28
1665166860.716590 6 -28
1665166860.717971 6 -27
1665166860.717971 6 -27
1665166860.724244 6 -28
1665166860.724244 6 -28
1665166860.757386 6 -29
1665166860.757386 6 -29
1665166860.759195 6 -30
1665166860.759195 6 -30
1665166860.760457 6 -29
1665166860.760457 6 -29
1665166860.796738 6 -30
1665166860.796738 6 -30
1665166860.798339 6 -30
1665166860.798339 6 -30
1665166860.799763 6 -29
1665166860.799763 6 -29
1665166991.630503 1 -41
1665166991.632557 1 -39
1665166991.634267 1 -39
1665166991.670380 1 -38
1665166991.671785 1 -38
1665166991.673411 1 -39
1665166991.717105 1 -43
1665166991.755732 1 -41
1665166991.757934 1 -42
1665166991.760732 1 -43
1665166991.797755 1 -50
1665166991.879063 6 -37
1665166991.879063 6 -37
1665166991.958735 6 -28
1665166991.958735 6 -28
1665166991.960163 6 -28
1665166991.960163 6 -28
1665166991.961758 6 -28
1665166991.961758 6 -28
1665166991.999382 6 -27
1665166991.999382 6 -27
1665166992.002861 6 -28
1665166992.002861 6 -28
1665166992.004407 6 -28
1665166992.004407 6 -28
1665166992.040509 6 -26
1665166992.040509 6 -26
1665166992.042735 6 -28
1665166992.042735 6 -28
1665166992.044062 6 -25
1665166992.044062 6 -25
1665166992.092642 6 -28
1665166992.092642 6 -28
1665166992.101895 6 -25
1665166992.101895 6 -25
1665166992.103585 6 -25
1665166992.103585 6 -25
1665166992.122960 6 -29
1665166992.122960 6 -29
1665166992.124835 6 -29
1665166992.124835 6 -29
1665166992.126188 6 -30
1665166992.126188 6 -30
1665166992.162413 6 -29
1665166992.162413 6 -29
1665166992.163914 6 -29
1665166992.163914 6 -29
1665166992.168235 6 -29
1665166992.168235 6 -29
1665167122.964001 1 -39
1665167122.966376 1 -39
1665167122.968680 1 -39
1665167123.003954 1 -39
1665167123.006228 1 -39
1665167123.007577 1 -39
1665167123.047526 1 -42
1665167123.049098 1 -44
1665167123.051554 1 -42
1665167123.084804 1 -43
1665167123.086602 1 -42
1665167123.290183 6 -29
1665167123.290183 6 -29
1665167123.291628 6 -29
1665167123.291628 6 -29
1665167123.293706 6 -29
1665167123.293706 6 -29
1665167123.332605 6 -29
1665167123.332605 6 -29
1665167123.334405 6 -28
1665167123.334405 6 -28
1665167123.372182 6 -29
1665167123.372182 6 -29
1665167123.373605 6 -26
1665167123.373605 6 -26
1665167123.377831 6 -26
1665167123.377831 6 -26
1665167123.416355 6 -26
1665167123.416355 6 -26
1665167123.419933 6 -26
1665167123.419933 6 -26
1665167123.455033 6 -30
1665167123.455033 6 -30
1665167123.456433 6 -29
1665167123.456433 6 -29
1665167123.458707 6 -30
1665167123.458707 6 -30
1665167123.495928 6 -29
1665167123.495928 6 -29
1665167123.497432 6 -30
1665167123.497432 6 -30
1665167123.498957 6 -29
1665167123.498957 6 -29
1665167254.388369 1 -39
1665167254.389791 1 -41
1665167254.391565 1 -39
1665167254.429488 1 -39
1665167254.433564 1 -39
1665167254.434970 1 -41
1665167254.472037 1 -42
1665167254.473444 1 -42
1665167254.512066 1 -43
1665167254.517892 1 -42
1665167254.519242 1 -44
1665167254.675727 6 -37
1665167254.675727 6 -37
1665167254.677144 6 -36
1665167254.677144 6 -36
1665167254.679219 6 -37
1665167254.679219 6 -37
1665167254.718044 6 -28
1665167254.718044 6 -28
1665167254.721899 6 -28
1665167254.721899 6 -28
1665167254.759093 6 -28
1665167254.759093 6 -28
1665167254.760821 6 -28
1665167254.760821 6 -28
1665167254.762160 6 -28
1665167254.762160 6 -28
1665167254.799947 6 -29
1665167254.799947 6 -29
1665167254.801368 6 -26
1665167254.801368 6 -26
1665167254.803597 6 -25
1665167254.803597 6 -25
1665167254.839870 6 -27
1665167254.839870 6 -27
1665167254.841294 6 -27
1665167254.841294 6 -27
1665167254.843891 6 -27
1665167254.843891 6 -27
1665167254.884517 6 -29
1665167254.884517 6 -29
1665167254.885847 6 -29
1665167254.885847 6 -29
1665167254.922720 6 -29
1665167254.922720 6 -29
1665167254.924122 6 -30
1665167254.924122 6 -30
1665167254.926649 6 -30
1665167254.926649 6 -30
1665167255.088003 6 -62
1665167255.088003 6 -62
1665167385.769784 1 -38
1665167385.771189 1 -38
1665167385.772961 1 -39
1665167385.808310 1 -38
1665167385.809735 1 -38
1665167385.811607 1 -38
1665167385.851787 1 -42
1665167385.853132 1 -43
1665167385.890296 1 -42
1665167385.892635 1 -43
1665167385.893986 1 -41
1665167386.095743 6 -29
1665167386.095743 6 -29
1665167386.098012 6 -28
1665167386.098012 6 -28
1665167386.099440 6 -28
1665167386.099440 6 -28
1665167386.138443 6 -29
1665167386.138443 6 -29
1665167386.139860 6 -28
1665167386.139860 6 -28
1665167386.177190 6 -29
1665167386.177190 6 -29
1665167386.178613 6 -26
1665167386.178613 6 -26
1665167386.180189 6 -25
1665167386.180189 6 -25
1665167386.218128 6 -26
1665167386.218128 6 -26
1665167386.219538 6 -28
1665167386.219538 6 -28
1665167386.221689 6 -27
1665167386.221689 6 -27
1665167386.259213 6 -29
1665167386.259213 6 -29
1665167386.261034 6 -29
1665167386.261034 6 -29
1665167386.262388 6 -30
1665167386.262388 6 -30
1665167386.299615 6 -29
1665167386.299615 6 -29
1665167386.302642 6 -29
1665167386.302642 6 -29
1665167517.105097 1 -38
1665167517.106491 1 -39
1665167517.108798 1 -38
1665167517.144891 1 -39
1665167517.146320 1 -39
1665167517.148015 1 -39
1665167517.226870 1 -42
1665167517.228297 1 -43
1665167517.229617 1 -41
1665167517.268394 6 -59
1665167517.268394 6 -59
1665167517.355426 6 -36
1665167517.355426 6 -36
1665167517.433449 6 -28
1665167517.433449 6 -28
1665167517.434872 6 -28
1665167517.434872 6 -28
1665167517.436644 6 -29
1665167517.436644 6 -29
1665167517.473361 6 -28
1665167517.473361 6 -28
1665167517.475359 6 -28
1665167517.475359 6 -28
1665167517.477079 6 -28
1665167517.477079 6 -28
1665167517.515277 6 -26
1665167517.515277 6 -26
1665167517.518176 6 -27
1665167517.518176 6 -27
1665167517.520397 6 -26
1665167517.520397 6 -26
1665167517.556197 6 -25
1665167517.556197 6 -25
1665167517.557601 6 -26
1665167517.557601 6 -26
1665167517.561221 6 -26
1665167517.561221 6 -26
1665167517.601199 6 -29
1665167517.601199 6 -29
1665167517.639104 6 -30
1665167517.639104 6 -30
1665167517.640459 6 -29
1665167517.640459 6 -29
1665167517.642314 6 -29
1665167517.642314 6 -29
1665167648.488119 1 -38
1665167648.492594 1 -39
1665167648.493973 1 -39
1665167648.532094 1 -40
1665167648.533433 1 -41
1665167648.536121 1 -40
1665167648.572212 1 -42
1665167648.573625 1 -42
1665167648.609847 1 -41
1665167648.611271 1 -43
1665167648.732596 6 -36
1665167648.732596 6 -36
1665167648.815024 6 -28
1665167648.815024 6 -28
1665167648.816423 6 -28
1665167648.816423 6 -28
1665167648.818576 6 -28
1665167648.818576 6 -28
1665167648.856025 6 -28
1665167648.856025 6 -28
1665167648.858850 6 -29
1665167648.858850 6 -29
1665167648.860900 6 -28
1665167648.860900 6 -28
1665167648.896677 6 -27
1665167648.896677 6 -27
1665167648.900025 6 -26
1665167648.900025 6 -26
1665167648.936878 6 -25
1665167648.936878 6 -25
1665167648.938293 6 -77
1665167648.938293 6 -77
1665167648.940056 6 -27
1665167648.940056 6 -27
1665167648.978556 6 -31
1665167648.978556 6 -31
1665167648.980553 6 -31
1665167648.980553 6 -31
1665167648.982025 6 -30
1665167648.982025 6 -30
1665167649.019978 6 -29
1665167649.019978 6 -29
1665167649.021747 6 -30
1665167649.021747 6 -30
1665167649.023101 6 -30
1665167649.023101 6 -30
