1665159696.756031 1 -41
1665159696.794831 1 -41
1665159696.796253 1 -42
1665159696.921107 6 -43
1665159696.921107 6 -43
1665159696.922981 6 -43
1665159696.922981 6 -43
1665159697.000909 6 -31
1665159697.000909 6 -31
1665159697.002413 6 -33
1665159697.002413 6 -33
1665159697.004035 6 -30
1665159697.004035 6 -30
1665159697.041256 6 -30
1665159697.041256 6 -30
1665159697.042683 6 -31
1665159697.042683 6 -31
1665159697.044131 6 -31
1665159697.044131 6 -31
1665159697.083659 6 -32
1665159697.083659 6 -32
1665159697.085659 6 -28
1665159697.085659 6 -28
1665159697.087484 6 -31
1665159697.087484 6 -31
1665159697.125309 6 -30
1665159697.125309 6 -30
1665159697.126660 6 -28
1665159697.126660 6 -28
1665159697.166733 6 -33
1665159697.166733 6 -33
1665159697.168231 6 -33
1665159697.168231 6 -33
1665159697.169659 6 -32
1665159697.169659 6 -32
1665159697.208108 6 -32
1665159697.208108 6 -32
1665159697.209457 6 -33
1665159697.209457 6 -33
1665159697.370208 6 -62
1665159697.370208 6 -62
1665159697.371612 6 -63
1665159697.371612 6 -63
1665159704.557243 1 -35
1665159704.558695 1 -38
1665159704.560844 1 -35
1665159704.597768 1 -36
1665159704.599196 1 -38
1665159704.601469 1 -35
1665159704.679495 1 -40
1665159704.680917 1 -40
1665159704.682720 1 -40
1665159704.724696 1 -39
1665159704.848472 6 -36
1665159704.848472 6 -36
1665159704.887271 6 -30
1665159704.887271 6 -30
1665159704.888699 6 -29
1665159704.888699 6 -29
1665159704.890199 6 -31
1665159704.890199 6 -31
1665159704.928448 6 -28
1665159704.928448 6 -28
1665159704.930445 6 -29
1665159704.930445 6 -29
1665159704.932322 6 -31
1665159704.932322 6 -31
1665159704.970098 6 -30
1665159704.970098 6 -30
1665159704.971499 6 -28
1665159704.971499 6 -28
1665159704.973724 6 -28
1665159704.973724 6 -28
1665159705.012199 6 -31
1665159705.012199 6 -31
1665159705.021200 6 -29
1665159705.021200 6 -29
1665159705.022520 6 -28
1665159705.022520 6 -28
1665159705.051073 6 -33
1665159705.051073 6 -33
1665159705.052498 6 -33
1665159705.052498 6 -33
1665159705.054182 6 -34
1665159705.054182 6 -34
1665159705.090449 6 -32
1665159705.090449 6 -32
1665159705.091873 6 -33
1665159705.091873 6 -33
1665159705.093953 6 -32
1665159705.093953 6 -32
1665159705.173147 6 -39
1665159705.173147 6 -39
1665159715.929573 1 -36
1665159715.931502 1 -35
1665159715.934350 1 -37
1665159715.969753 1 -35
1665159715.971151 1 -35
1665159715.978324 1 -36
1665159716.012152 1 -37
1665159716.052576 1 -38
1665159716.054225 1 -39
1665159716.055552 1 -39
1665159716.220929 6 -36
1665159716.220929 6 -36
1665159716.258227 6 -30
1665159716.258227 6 -30
1665159716.259631 6 -29
1665159716.259631 6 -29
1665159716.298131 6 -29
1665159716.298131 6 -29
1665159716.300780 6 -30
1665159716.300780 6 -30
1665159716.302630 6 -29
1665159716.302630 6 -29
1665159716.340928 6 -30
1665159716.340928 6 -30
1665159716.345256 6 -28
1665159716.345256 6 -28
1665159716.387256 6 -28
1665159716.387256 6 -28
1665159716.388680 6 -28
1665159716.388680 6 -28
1665159716.393154 6 -28
1665159716.393154 6 -28
1665159716.422781 6 -33
1665159716.422781 6 -33
1665159716.424203 6 -33
1665159716.424203 6 -33
1665159716.462353 6 -33
1665159716.462353 6 -33
1665159716.463756 6 -33
1665159716.463756 6 -33
1665159716.465604 6 -33
1665159716.465604 6 -33
1665159735.303897 1 -35
1665159735.312848 1 -35
1665159735.338975 1 -36
1665159735.340397 1 -35
1665159735.342373 1 -35
1665159735.384399 1 -38
1665159735.385999 1 -39
1665159735.421226 1 -38
1665159735.422625 1 -39
1665159735.424350 1 -33
1665159735.546298 6 -37
1665159735.546298 6 -37
1665159735.629295 6 -31
1665159735.629295 6 -31
1665159735.630751 6 -30
1665159735.630751 6 -30
1665159735.632670 6 -30
1665159735.632670 6 -30
1665159735.670027 6 -29
1665159735.670027 6 -29
1665159735.671604 6 -30
1665159735.671604 6 -30
1665159735.672923 6 -30
1665159735.672923 6 -30
1665159735.710800 6 -27
1665159735.710800 6 -27
1665159735.713126 6 -27
1665159735.713126 6 -27
1665159735.765357 1 -75
1665159735.765376 6 -28
1665159735.765376 6 -28
1665159735.768882 1 -75
1665159735.768900 6 -29
1665159735.768900 6 -29
1665159735.770229 6 -29
1665159735.770229 6 -29
1665159735.796603 6 -32
1665159735.796603 6 -32
1665159735.798552 6 -34
1665159735.798552 6 -34
1665159735.835550 6 -31
1665159735.835550 6 -31
1665159735.837525 6 -30
1665159735.837525 6 -30
1665159735.877075 6 -40
1665159735.877075 6 -40
1665159770.647324 1 -35
1665159770.649401 1 -35
1665159770.650775 1 -35
1665159770.686972 1 -35
1665159770.688401 1 -35
1665159770.690346 1 -38
1665159770.728525 1 -39
1665159770.729924 1 -41
1665159770.731622 1 -38
1665159770.769204 1 -38
1665159770.770622 1 -39
1665159770.772075 1 -38
1665159770.934663 6 -35
1665159770.934663 6 -35
1665159770.974850 6 -28
1665159770.974850 6 -28
1665159770.976279 6 -30
1665159770.976279 6 -30
1665159770.977826 6 -30
1665159770.977826 6 -30
1665159771.015553 6 -29
1665159771.015553 6 -29
1665159771.017403 6 -29
1665159771.017403 6 -29
1665159771.018749 6 -29
1665159771.018749 6 -29
1665159771.056528 6 -28
1665159771.056528 6 -28
1665159771.059077 6 -28
1665159771.059077 6 -28
1665159771.061876 6 -28
1665159771.061876 6 -28
1665159771.096953 6 -31
1665159771.096953 6 -31
1665159771.098376 6 -31
1665159771.098376 6 -31
1665159771.101060 6 -29
1665159771.101060 6 -29
1665159771.138334 6 -32
1665159771.138334 6 -32
1665159771.140327 6 -32
1665159771.140327 6 -32
1665159771.141654 6 -33
1665159771.141654 6 -33
1665159771.178904 6 -33
1665159771.178904 6 -33
1665159771.180531 6 -34
1665159771.180531 6 -34
1665159771.181877 6 -34
1665159771.181877 6 -34
1665159837.970611 1 -36
1665159837.972011 1 -35
1665159837.974410 1 -36
1665159838.011385 1 -36
1665159838.013511 1 -37
1665159838.014832 1 -36
1665159838.055487 1 -39
1665159838.094439 1 -38
1665159838.095863 1 -40
1665159838.097410 1 -37
1665159838.300789 6 -30
1665159838.300789 6 -30
1665159838.302240 6 -30
1665159838.302240 6 -30
1665159838.306247 6 -29
1665159838.306247 6 -29
1665159838.343839 6 -30
1665159838.343839 6 -30
1665159838.345963 6 -30
1665159838.345963 6 -30
1665159838.383740 6 -29
1665159838.383740 6 -29
1665159838.385140 6 -30
1665159838.385140 6 -30
1665159838.388835 6 -29
1665159838.388835 6 -29
1665159838.425434 6 -28
1665159838.425434 6 -28
1665159838.426914 6 -29
1665159838.426914 6 -29
1665159838.429144 1 -76
1665159838.429163 6 -30
1665159838.429163 6 -30
1665159838.466390 6 -34
1665159838.466390 6 -34
1665159838.467812 6 -33
1665159838.467812 6 -33
1665159838.470088 6 -34
1665159838.470088 6 -34
1665159838.506271 6 -34
1665159838.506271 6 -34
1665159838.507743 6 -33
1665159838.507743 6 -33
1665159838.631815 6 -64
1665159838.631815 6 -64
1665159969.359813 1 -36
1665159969.363429 1 -39
1665159969.366179 1 -36
1665159969.400539 1 -38
1665159969.402460 1 -36
1665159969.403813 1 -38
1665159969.441638 1 -36
1665159969.443064 1 -39
1665159969.482271 1 -40
1665159969.607066 6 -36
1665159969.607066 6 -36
1665159969.647266 6 -38
1665159969.647266 6 -38
1665159969.687588 6 -30
1665159969.687588 6 -30
1665159969.688977 6 -30
1665159969.688977 6 -30
1665159969.690838 6 -31
1665159969.690838 6 -31
1665159969.729902 6 -29
1665159969.729902 6 -29
1665159969.732142 6 -31
1665159969.732142 6 -31
1665159969.769875 6 -28
1665159969.769875 6 -28
1665159969.771316 6 -28
1665159969.771316 6 -28
1665159969.773614 6 -29
1665159969.773614 6 -29
1665159969.811739 6 -30
1665159969.811739 6 -30
1665159969.813166 6 -29
1665159969.813166 6 -29
1665159969.814494 6 -29
1665159969.814494 6 -29
1665159969.852613 6 -34
1665159969.852613 6 -34
1665159969.854192 6 -32
1665159969.854192 6 -32
1665159969.855815 6 -33
1665159969.855815 6 -33
1665159969.892988 6 -33
1665159969.892988 6 -33
1665159969.894465 6 -34
1665159969.894465 6 -34
1665159969.895943 6 -30
1665159969.895943 6 -30
1665160100.736735 1 -39
1665160100.741236 1 -39
1665160100.743437 1 -37
1665160100.777135 1 -40
1665160100.778561 1 -39
1665160100.819009 1 -38
1665160100.820359 1 -39
1665160100.821760 1 -40
1665160100.859361 1 -38
1665160100.984214 6 -35
1665160100.984214 6 -35
1665160101.065761 6 -30
1665160101.065761 6 -30
1665160101.067192 6 -30
1665160101.067192 6 -30
1665160101.068970 6 -31
1665160101.068970 6 -31
1665160101.107989 6 -30
1665160101.107989 6 -30
1665160101.109542 6 -29
1665160101.109542 6 -29
1665160101.160690 6 -30
1665160101.160690 6 -30
1665160101.163315 6 -28
1665160101.163315 6 -28
1665160101.164638 6 -28
1665160101.164638 6 -28
1665160101.194817 6 -31
1665160101.194817 6 -31
1665160101.196365 6 -29
1665160101.196365 6 -29
1665160101.197692 6 -28
1665160101.197692 6 -28
1665160101.231942 6 -33
1665160101.231942 6 -33
1665160101.233614 6 -33
1665160101.233614 6 -33
1665160101.234941 6 -33
1665160101.234941 6 -33
1665160101.273318 6 -33
1665160101.273318 6 -33
1665160101.275467 6 -33
1665160101.275467 6 -33
1665160101.276799 6 -34
1665160101.276799 6 -34
1665160232.115811 1 -36
1665160232.117840 1 -36
1665160232.119187 1 -36
1665160232.156585 1 -36
1665160232.157954 1 -38
1665160232.159335 1 -36
1665160232.201211 1 -39
1665160232.202562 1 -40
1665160232.239186 1 -40
1665160232.241961 1 -40
1665160232.405940 6 -36
1665160232.405940 6 -36
1665160232.444439 6 -31
1665160232.444439 6 -31
1665160232.484339 6 -30
1665160232.484339 6 -30
1665160232.485762 6 -30
1665160232.485762 6 -30
1665160232.488238 6 -29
1665160232.488238 6 -29
1665160232.526036 6 -28
1665160232.526036 6 -28
1665160232.527442 6 -29
1665160232.527442 6 -29
1665160232.529191 6 -31
1665160232.529191 6 -31
1665160232.570191 6 -29
1665160232.570191 6 -29
1665160232.571589 6 -30
1665160232.571589 6 -30
1665160232.573567 6 -30
1665160232.573567 6 -30
1665160232.607464 6 -34
1665160232.607464 6 -34
1665160232.612842 6 -34
1665160232.612842 6 -34
1665160232.614690 6 -33
1665160232.614690 6 -33
1665160232.646911 6 -33
1665160232.646911 6 -33
1665160232.648786 6 -33
1665160232.648786 6 -33
1665160232.650682 6 -32
1665160232.650682 6 -32
1665160363.495130 1 -35
1665160363.500254 1 -37
1665160363.535709 1 -37
1665160363.537207 1 -36
1665160363.538504 1 -36
1665160363.579082 1 -34
1665160363.580825 1 -39
1665160363.582208 1 -39
1665160363.620277 1 -38
1665160363.622707 1 -39
1665160363.624028 1 -36
1665160363.745965 6 -37
1665160363.745965 6 -37
1665160363.825157 6 -30
1665160363.825157 6 -30
1665160363.826555 6 -30
1665160363.826555 6 -30
1665160363.828931 6 -29
1665160363.828931 6 -29
1665160363.865710 6 -30
1665160363.865710 6 -30
1665160363.867110 6 -30
1665160363.867110 6 -30
1665160363.869334 6 -31
1665160363.869334 6 -31
1665160363.907431 6 -29
1665160363.907431 6 -29
1665160363.909259 6 -29
1665160363.909259 6 -29
1665160363.910586 6 -29
1665160363.910586 6 -29
1665160363.947184 1 -76
1665160363.947203 6 -30
1665160363.947203 6 -30
1665160363.949585 6 -29
1665160363.949585 6 -29
1665160363.951782 6 -29
1665160363.951782 6 -29
1665160363.989337 6 -33
1665160363.989337 6 -33
1665160363.990908 6 -33
1665160363.990908 6 -33
1665160363.992234 6 -34
1665160363.992234 6 -34
1665160364.029461 6 -33
1665160364.029461 6 -33
1665160364.032610 6 -34
1665160364.032610 6 -34
1665160364.197656 1 -91
1665160494.894256 1 -35
1665160494.896253 1 -36
1665160494.897558 1 -36
1665160494.934751 1 -36
1665160494.936275 1 -37
1665160494.937780 6 -83
1665160494.937780 6 -83
1665160494.937801 1 -37
1665160494.977321 1 -39
1665160495.020073 1 -38
1665160495.182679 6 -39
1665160495.182679 6 -39
1665160495.222007 6 -30
1665160495.222007 6 -30
1665160495.223428 6 -31
1665160495.223428 6 -31
1665160495.225724 6 -30
1665160495.225724 6 -30
1665160495.262934 6 -29
1665160495.262934 6 -29
1665160495.266979 6 -29
1665160495.266979 6 -29
1665160495.304004 6 -30
1665160495.304004 6 -30
1665160495.305403 6 -29
1665160495.305403 6 -29
1665160495.307004 6 -27
1665160495.307004 6 -27
1665160495.348131 6 -28
1665160495.348131 6 -28
1665160495.350029 6 -27
1665160495.350029 6 -27
1665160495.385629 6 -31
1665160495.385629 6 -31
1665160495.388429 6 -31
1665160495.388429 6 -31
1665160495.389754 6 -31
1665160495.389754 6 -31
1665160495.428654 6 -30
1665160495.428654 6 -30
1665160495.558703 6 -59
1665160495.558703 6 -59
1665160626.261192 1 -35
1665160626.262559 1 -38
1665160626.264644 1 -35
1665160626.302620 1 -35
1665160626.304793 1 -35
1665160626.307091 1 -36
1665160626.342543 1 -39
1665160626.343995 1 -39
1665160626.507469 6 -38
1665160626.507469 6 -38
1665160626.589273 6 -29
1665160626.589273 6 -29
1665160626.590638 6 -30
1665160626.590638 6 -30
1665160626.630595 6 -29
1665160626.630595 6 -29
1665160626.632898 6 -29
1665160626.632898 6 -29
1665160626.634397 6 -30
1665160626.634397 6 -30
1665160626.672195 6 -29
1665160626.672195 6 -29
1665160626.673623 6 -29
1665160626.673623 6 -29
1665160626.674946 6 -27
1665160626.674946 6 -27
1665160626.715322 6 -28
1665160626.715322 6 -28
1665160626.717298 6 -28
1665160626.717298 6 -28
1665160626.720474 6 -29
1665160626.720474 6 -29
1665160626.754921 6 -31
1665160626.754921 6 -31
1665160626.756291 6 -31
1665160626.756291 6 -31
1665160626.760345 6 -31
1665160626.760345 6 -31
1665160626.795570 6 -31
1665160626.795570 6 -31
1665160626.796999 6 -31
1665160626.796999 6 -31
1665160626.798550 6 -31
1665160626.798550 6 -31
1665160757.647138 1 -35
1665160757.648941 1 -35
1665160757.648960 6 -81
1665160757.648960 6 -81
1665160757.650221 1 -35
1665160757.687711 1 -36
1665160757.689139 1 -36
1665160757.690484 1 -35
1665160757.730132 1 -40
1665160757.733538 1 -40
1665160757.770608 1 -39
1665160757.774936 1 -38
1665160757.776288 1 -40
1665160757.894940 6 -38
1665160757.894940 6 -38
1665160757.897362 6 -37
1665160757.897362 6 -37
1665160757.976265 6 -32
1665160757.976265 6 -32
1665160757.979713 6 -30
1665160757.979713 6 -30
1665160758.016940 6 -30
1665160758.016940 6 -30
1665160758.018366 6 -29
1665160758.018366 6 -29
1665160758.020612 6 -30
1665160758.020612 6 -30
1665160758.059391 6 -31
1665160758.059391 6 -31
1665160758.061624 6 -30
1665160758.061624 6 -30
1665160758.062990 6 -28
1665160758.062990 6 -28
1665160758.102902 6 -26
1665160758.102902 6 -26
1665160758.104541 6 -28
1665160758.104541 6 -28
1665160758.113714 6 -29
1665160758.113714 6 -29
1665160758.143965 6 -30
1665160758.143965 6 -30
1665160758.145291 6 -31
1665160758.145291 6 -31
1665160758.183238 6 -31
1665160758.183238 6 -31
1665160758.184642 6 -32
1665160758.184642 6 -32
1665160758.226887 6 -31
1665160758.226887 6 -31
1665160758.268166 6 -35
1665160758.268166 6 -35
1665160889.019148 1 -36
1665160889.021957 1 -35
1665160889.023279 1 -36
1665160889.060172 1 -35
1665160889.061600 1 -37
1665160889.066357 1 -38
1665160889.102148 1 -41
1665160889.103576 1 -40
1665160889.142285 1 -40
1665160889.143750 1 -41
1665160889.146624 1 -39
1665160889.223202 6 -61
1665160889.223202 6 -61
1665160889.346852 6 -29
1665160889.346852 6 -29
1665160889.348274 6 -29
1665160889.348274 6 -29
1665160889.351625 6 -29
1665160889.351625 6 -29
1665160889.386851 6 -30
1665160889.386851 6 -30
1665160889.390203 6 -30
1665160889.390203 6 -30
1665160889.391524 6 -30
1665160889.391524 6 -30
1665160889.428299 6 -27
1665160889.428299 6 -27
1665160889.429647 6 -27
1665160889.429647 6 -27
1665160889.431602 6 -28
1665160889.431602 6 -28
1665160889.469047 6 -29
1665160889.469047 6 -29
1665160889.470403 6 -28
1665160889.470403 6 -28
1665160889.472000 6 -30
1665160889.472000 6 -30
1665160889.509722 6 -31
1665160889.509722 6 -31
1665160889.511299 6 -30
1665160889.511299 6 -30
1665160889.513276 6 -31
1665160889.513276 6 -31
1665160889.550524 6 -30
1665160889.550524 6 -30
1665160889.551923 6 -31
1665160889.551923 6 -31
1665160889.553275 6 -28
1665160889.553275 6 -28
1665160889.676377 6 -60
1665160889.676377 6 -60
1665160889.718102 6 -61
1665160889.718102 6 -61
1665161020.392342 1 -38
1665161020.394342 1 -36
1665161020.395669 1 -35
1665161020.433669 1 -36
1665161020.435094 1 -36
1665161020.437395 1 -37
1665161020.475115 1 -39
1665161020.478442 1 -39
1665161020.515197 1 -37
1665161020.516787 1 -38
1665161020.518794 1 -39
1665161020.643867 6 -38
1665161020.643867 6 -38
1665161020.686392 6 -38
1665161020.686392 6 -38
1665161020.723171 6 -30
1665161020.723171 6 -30
1665161020.724540 6 -30
1665161020.724540 6 -30
1665161020.726494 6 -30
1665161020.726494 6 -30
1665161020.763844 6 -31
1665161020.763844 6 -31
1665161020.765696 6 -30
1665161020.765696 6 -30
1665161020.767321 6 -31
1665161020.767321 6 -31
1665161020.805094 6 -28
1665161020.805094 6 -28
1665161020.806494 6 -29
1665161020.806494 6 -29
1665161020.809672 6 -28
1665161020.809672 6 -28
1665161020.845768 6 -29
1665161020.845768 6 -29
1665161020.847321 6 -28
1665161020.847321 6 -28
1665161020.849393 6 -27
1665161020.849393 6 -27
1665161020.886994 6 -32
1665161020.886994 6 -32
1665161020.888422 6 -31
1665161020.888422 6 -31
1665161020.890324 6 -31
1665161020.890324 6 -31
1665161020.928916 6 -31
1665161020.928916 6 -31
1665161020.930517 6 -32
1665161020.930517 6 -32
1665161021.052547 6 -60
1665161021.052547 6 -60
1665161021.053970 6 -59
1665161021.053970 6 -59
1665161151.781479 1 -38
1665161151.783809 1 -36
1665161151.785166 1 -37
1665161151.822261 1 -37
1665161151.823684 1 -36
1665161151.825708 1 -38
1665161151.863409 1 -39
1665161151.864754 1 -39
1665161151.866606 1 -40
1665161151.904310 1 -40
1665161151.907981 1 -39
1665161152.028984 6 -37
1665161152.028984 6 -37
1665161152.068263 6 -40
1665161152.068263 6 -40
1665161152.108834 6 -30
1665161152.108834 6 -30
1665161152.112811 6 -29
1665161152.112811 6 -29
1665161152.114257 6 -30
1665161152.114257 6 -30
1665161152.149537 6 -30
1665161152.149537 6 -30
1665161152.151638 6 -30
1665161152.151638 6 -30
1665161152.153264 6 -29
1665161152.153264 6 -29
1665161152.192037 6 -28
1665161152.192037 6 -28
1665161152.193465 6 -29
1665161152.193465 6 -29
1665161152.195084 6 -27
1665161152.195084 6 -27
1665161152.231661 6 -30
1665161152.231661 6 -30
1665161152.234763 6 -28
1665161152.234763 6 -28
1665161152.236110 6 -28
1665161152.236110 6 -28
1665161152.274483 6 -30
1665161152.274483 6 -30
1665161152.275938 6 -30
1665161152.275938 6 -30
1665161152.278235 6 -30
1665161152.278235 6 -30
1665161152.315507 6 -31
1665161152.315507 6 -31
1665161152.316888 6 -31
1665161152.316888 6 -31
1665161152.318539 6 -32
1665161152.318539 6 -32
1665161283.162516 1 -36
1665161283.164320 1 -36
1665161283.166166 1 -35
1665161283.205554 1 -36
1665161283.207142 1 -36
1665161283.208993 1 -36
1665161283.246178 1 -40
1665161283.248946 1 -39
1665161283.254188 1 -39
1665161283.286595 1 -39
1665161283.292071 1 -40
1665161283.293393 1 -38
1665161283.453698 6 -37
1665161283.453698 6 -37
1665161283.455022 6 -38
1665161283.455022 6 -38
1665161283.494849 6 -29
1665161283.494849 6 -29
1665161283.532073 6 -29
1665161283.532073 6 -29
1665161283.533502 6 -30
1665161283.533502 6 -30
1665161283.535447 6 -29
1665161283.535447 6 -29
1665161283.574224 6 -30
1665161283.574224 6 -30
1665161283.577245 6 -29
1665161283.577245 6 -29
1665161283.580823 6 -28
1665161283.580823 6 -28
1665161283.614949 6 -30
1665161283.614949 6 -30
1665161283.616348 6 -29
1665161283.616348 6 -29
1665161283.618115 6 -28
1665161283.618115 6 -28
1665161283.662975 6 -32
1665161283.662975 6 -32
1665161283.664403 6 -31
1665161283.664403 6 -31
1665161283.701076 6 -31
1665161283.701076 6 -31
1665161283.702343 6 -31
1665161283.702343 6 -31
1665161414.545280 1 -35
1665161414.547089 1 -35
1665161414.549853 1 -35
1665161414.585604 1 -35
1665161414.590128 1 -38
1665161414.591774 1 -37
1665161414.631353 1 -39
1665161414.666529 1 -40
1665161414.800254 6 -37
1665161414.800254 6 -37
1665161414.873486 6 -29
1665161414.873486 6 -29
1665161414.874903 6 -30
1665161414.874903 6 -30
1665161414.876380 6 -29
1665161414.876380 6 -29
1665161414.912606 6 -28
1665161414.912606 6 -28
1665161414.914029 6 -29
1665161414.914029 6 -29
1665161414.915831 6 -29
1665161414.915831 6 -29
1665161414.953581 6 -27
1665161414.953581 6 -27
1665161414.954949 6 -27
1665161414.954949 6 -27
1665161414.956598 6 -28
1665161414.956598 6 -28
1665161414.993803 6 -28
1665161414.993803 6 -28
1665161414.996106 6 -27
1665161414.996106 6 -27
1665161414.997458 6 -28
1665161414.997458 6 -28
1665161415.039083 6 -31
1665161415.039083 6 -31
1665161415.040506 6 -31
1665161415.040506 6 -31
1665161415.081583 6 -31
1665161415.081583 6 -31
1665161415.082957 6 -33
1665161415.082957 6 -33
1665161415.246511 6 -60
1665161415.246511 6 -60
