1665163359.952712 6 -40
1665163359.954539 6 -39
1665163359.954539 6 -39
1665163359.956429 6 -39
1665163359.956429 6 -39
1665163359.992689 6 -40
1665163359.992689 6 -40
1665163359.994115 6 -39
1665163359.994115 6 -39
1665163359.995516 6 -40
1665163359.995516 6 -40
1665163360.050891 6 -39
1665163360.050891 6 -39
1665163360.052235 6 -40
1665163360.052235 6 -40
1665163360.053710 6 -41
1665163360.053710 6 -41
1665163360.080540 6 -41
1665163360.080540 6 -41
1665163360.081970 6 -43
1665163360.081970 6 -43
1665163360.083859 6 -42
1665163360.083859 6 -42
1665163360.116384 6 -48
1665163360.116384 6 -48
1665163360.117862 6 -48
1665163360.117862 6 -48
1665163360.119711 6 -49
1665163360.119711 6 -49
1665163360.157132 6 -50
1665163360.157132 6 -50
1665163360.158534 6 -50
1665163360.158534 6 -50
1665163360.160317 6 -50
1665163360.160317 6 -50
1665163363.152425 1 -54
1665163363.154096 1 -55
1665163363.155767 1 -53
1665163363.193424 1 -55
1665163363.194791 1 -53
1665163363.196317 1 -52
1665163363.235622 1 -56
1665163363.237221 1 -54
1665163363.275972 1 -56
1665163363.278129 1 -56
1665163363.279652 1 -57
1665163363.482569 6 -43
1665163363.482569 6 -43
1665163363.484986 6 -43
1665163363.484986 6 -43
1665163363.487028 6 -43
1665163363.487028 6 -43
1665163363.522251 6 -45
1665163363.522251 6 -45
1665163363.526154 6 -44
1665163363.526154 6 -44
1665163363.563951 6 -44
1665163363.563951 6 -44
1665163363.565647 6 -45
1665163363.565647 6 -45
1665163363.603695 6 -44
1665163363.603695 6 -44
1665163363.605476 6 -43
1665163363.605476 6 -43
1665163363.608929 6 -45
1665163363.608929 6 -45
1665163363.645727 6 -47
1665163363.645727 6 -47
1665163363.647123 6 -74
1665163363.647123 6 -74
1665163363.648578 6 -47
1665163363.648578 6 -47
1665163363.685805 6 -47
1665163363.685805 6 -47
1665163363.687572 6 -48
1665163363.687572 6 -48
1665163363.689103 6 -47
1665163363.689103 6 -47
1665163371.024204 1 -36
1665163371.025573 1 -36
1665163371.027877 1 -36
1665163371.066151 1 -36
1665163371.067955 1 -36
1665163371.069276 1 -36
1665163371.107729 1 -39
1665163371.109153 1 -39
1665163371.149252 1 -40
1665163371.151229 1 -39
1665163371.271934 6 -35
1665163371.271934 6 -35
1665163371.313877 6 -35
1665163371.313877 6 -35
1665163371.352656 6 -27
1665163371.352656 6 -27
1665163371.354090 6 -27
1665163371.354090 6 -27
1665163371.393257 6 -27
1665163371.393257 6 -27
1665163371.395558 6 -27
1665163371.395558 6 -27
1665163371.396882 6 -28
1665163371.396882 6 -28
1665163371.434657 6 -25
1665163371.434657 6 -25
1665163371.436483 6 -28
1665163371.436483 6 -28
1665163371.437839 6 -25
1665163371.437839 6 -25
1665163371.475358 6 -25
1665163371.475358 6 -25
1665163371.476780 6 -25
1665163371.476780 6 -25
1665163371.478710 6 -25
1665163371.478710 6 -25
1665163371.517935 6 -29
1665163371.517935 6 -29
1665163371.519357 6 -30
1665163371.519357 6 -30
1665163371.520780 6 -29
1665163371.520780 6 -29
1665163371.557981 6 -29
1665163371.557981 6 -29
1665163371.559530 6 -30
1665163371.559530 6 -30
1665163371.561461 6 -30
1665163371.561461 6 -30
1665163382.372872 1 -38
1665163382.374397 1 -36
1665163382.375767 1 -36
1665163382.421016 1 -36
1665163382.424522 1 -36
1665163382.426650 1 -37
1665163382.455195 1 -39
1665163382.458445 1 -40
1665163382.494649 1 -39
1665163382.496071 1 -41
1665163382.497648 1 -40
1665163382.618949 6 -35
1665163382.618949 6 -35
1665163382.702323 6 -28
1665163382.702323 6 -28
1665163382.703727 6 -27
1665163382.703727 6 -27
1665163382.740602 6 -27
1665163382.740602 6 -27
1665163382.742152 6 -27
1665163382.742152 6 -27
1665163382.744227 6 -28
1665163382.744227 6 -28
1665163382.783626 6 -27
1665163382.783626 6 -27
1665163382.785050 6 -26
1665163382.785050 6 -26
1665163382.786727 6 -25
1665163382.786727 6 -25
1665163382.822674 6 -25
1665163382.822674 6 -25
1665163382.824978 6 -27
1665163382.824978 6 -27
1665163382.826257 6 -26
1665163382.826257 6 -26
1665163382.864198 6 -31
1665163382.864198 6 -31
1665163382.865603 6 -30
1665163382.865603 6 -30
1665163382.867103 6 -30
1665163382.867103 6 -30
1665163382.904353 6 -29
1665163382.904353 6 -29
1665163382.905752 6 -30
1665163382.905752 6 -30
1665163401.742520 1 -36
1665163401.746072 1 -37
1665163401.782840 1 -36
1665163401.784519 1 -37
1665163401.787946 1 -36
1665163401.825317 1 -40
1665163401.837074 1 -40
1665163401.839371 1 -40
1665163401.865620 1 -40
1665163401.867019 1 -42
1665163401.868673 1 -40
1665163401.990896 6 -35
1665163401.990896 6 -35
1665163402.029750 6 -35
1665163402.029750 6 -35
1665163402.031351 6 -36
1665163402.031351 6 -36
1665163402.072055 6 -27
1665163402.072055 6 -27
1665163402.073452 6 -27
1665163402.073452 6 -27
1665163402.076792 6 -28
1665163402.076792 6 -28
1665163402.112076 6 -27
1665163402.112076 6 -27
1665163402.113476 6 -27
1665163402.113476 6 -27
1665163402.115273 6 -28
1665163402.115273 6 -28
1665163402.154200 6 -27
1665163402.154200 6 -27
1665163402.155585 6 -27
1665163402.155585 6 -27
1665163402.156975 6 -25
1665163402.156975 6 -25
1665163402.193899 6 -25
1665163402.193899 6 -25
1665163402.195302 6 -26
1665163402.195302 6 -26
1665163402.197647 6 -25
1665163402.197647 6 -25
1665163402.237676 6 -29
1665163402.237676 6 -29
1665163402.239627 6 -29
1665163402.239627 6 -29
1665163402.240975 6 -30
1665163402.240975 6 -30
1665163402.276162 6 -30
1665163402.276162 6 -30
1665163402.277605 6 -29
1665163402.277605 6 -29
1665163402.279025 6 -30
1665163402.279025 6 -30
1665163402.401975 1 -86
1665163437.108476 1 -35
1665163437.110031 1 -36
1665163437.111380 1 -37
1665163437.145435 1 -36
1665163437.146839 1 -36
1665163437.152880 1 -36
1665163437.188335 1 -39
1665163437.189756 1 -40
1665163437.191084 1 -40
1665163437.228337 1 -41
1665163437.434937 6 -27
1665163437.434937 6 -27
1665163437.436360 6 -28
1665163437.436360 6 -28
1665163437.437962 6 -27
1665163437.437962 6 -27
1665163437.475260 6 -27
1665163437.475260 6 -27
1665163437.476710 6 -28
1665163437.476710 6 -28
1665163437.478634 6 -28
1665163437.478634 6 -28
1665163437.519812 6 -28
1665163437.519812 6 -28
1665163437.522033 6 -25
1665163437.522033 6 -25
1665163437.558295 6 -25
1665163437.558295 6 -25
1665163437.560586 6 -26
1665163437.560586 6 -26
1665163437.561873 6 -26
1665163437.561873 6 -26
1665163437.600711 6 -30
1665163437.600711 6 -30
1665163437.602080 6 -30
1665163437.602080 6 -30
1665163437.640884 6 -29
1665163437.640884 6 -29
1665163437.642397 6 -30
1665163437.642397 6 -30
1665163437.643859 6 -29
1665163437.643859 6 -29
1665163437.805314 6 -63
1665163437.805314 6 -63
1665163504.429692 1 -36
1665163504.431117 1 -36
1665163504.433991 1 -36
1665163504.469489 1 -36
1665163504.472092 1 -39
1665163504.475364 1 -36
1665163504.511717 1 -40
1665163504.513060 1 -40
1665163504.515016 1 -41
1665163504.553317 1 -39
1665163504.555164 1 -40
1665163504.560215 1 -40
1665163504.681593 6 -77
1665163504.681593 6 -77
1665163504.758519 6 -27
1665163504.758519 6 -27
1665163504.760320 6 -27
1665163504.760320 6 -27
1665163504.762074 6 -28
1665163504.762074 6 -28
1665163504.798743 6 -28
1665163504.798743 6 -28
1665163504.800196 6 -28
1665163504.800196 6 -28
1665163504.801517 6 -27
1665163504.801517 6 -27
1665163504.840392 6 -27
1665163504.840392 6 -27
1665163504.841993 6 -26
1665163504.841993 6 -26
1665163504.843321 6 -25
1665163504.843321 6 -25
1665163504.881167 6 -25
1665163504.881167 6 -25
1665163504.882921 6 -25
1665163504.882921 6 -25
1665163504.884268 6 -25
1665163504.884268 6 -25
1665163504.923275 6 -30
1665163504.923275 6 -30
1665163504.924946 6 -29
1665163504.924946 6 -29
1665163504.926213 6 -29
1665163504.926213 6 -29
1665163504.963948 6 -30
1665163504.963948 6 -30
1665163504.965368 6 -29
1665163504.965368 6 -29
1665163504.966697 6 -30
1665163504.966697 6 -30
1665163635.805440 1 -37
1665163635.808667 1 -37
1665163635.809995 1 -39
1665163635.846018 1 -39
1665163635.850894 1 -36
1665163635.852221 1 -36
1665163635.888167 1 -40
1665163635.891095 1 -41
1665163635.928322 1 -41
1665163635.929843 1 -40
1665163635.931723 1 -41
1665163636.055448 6 -35
1665163636.055448 6 -35
1665163636.098206 6 -35
1665163636.098206 6 -35
1665163636.134271 6 -28
1665163636.134271 6 -28
1665163636.137247 6 -27
1665163636.137247 6 -27
1665163636.142548 6 -27
1665163636.142548 6 -27
1665163636.174850 6 -28
1665163636.174850 6 -28
1665163636.176270 6 -28
1665163636.176270 6 -28
1665163636.216723 6 -28
1665163636.216723 6 -28
1665163636.218148 6 -27
1665163636.218148 6 -27
1665163636.220795 6 -25
1665163636.220795 6 -25
1665163636.263326 6 -25
1665163636.263326 6 -25
1665163636.264646 6 -26
1665163636.264646 6 -26
1665163636.298410 6 -29
1665163636.298410 6 -29
1665163636.300250 6 -31
1665163636.300250 6 -31
1665163636.301575 6 -29
1665163636.301575 6 -29
1665163636.339578 6 -30
1665163636.339578 6 -30
1665163636.345452 6 -28
1665163636.345452 6 -28
1665163636.347223 6 -30
1665163636.347223 6 -30
1665163767.201192 1 -37
1665163767.202675 1 -36
1665163767.204047 1 -36
1665163767.245898 1 -40
1665163767.247953 1 -37
1665163767.249297 1 -39
1665163767.285492 1 -39
1665163767.328876 1 -40
1665163767.332275 1 -39
1665163767.528705 6 -28
1665163767.528705 6 -28
1665163767.530061 6 -28
1665163767.530061 6 -28
1665163767.531550 6 -28
1665163767.531550 6 -28
1665163767.568751 6 -27
1665163767.568751 6 -27
1665163767.570288 6 -28
1665163767.570288 6 -28
1665163767.610605 6 -26
1665163767.610605 6 -26
1665163767.612027 6 -28
1665163767.612027 6 -28
1665163767.613494 6 -26
1665163767.613494 6 -26
1665163767.651355 6 -25
1665163767.651355 6 -25
1665163767.652787 6 -25
1665163767.652787 6 -25
1665163767.655104 6 -25
1665163767.655104 6 -25
1665163767.692004 6 -29
1665163767.692004 6 -29
1665163767.693404 6 -29
1665163767.693404 6 -29
1665163767.695301 6 -29
1665163767.695301 6 -29
1665163767.731558 6 -29
1665163767.731558 6 -29
1665163767.732956 6 -30
1665163767.732956 6 -30
1665163767.734504 6 -29
1665163767.734504 6 -29
1665163898.564106 1 -37
1665163898.565480 1 -39
1665163898.567458 1 -36
1665163898.604709 1 -37
1665163898.606053 1 -37
1665163898.609303 1 -37
1665163898.646232 1 -40
1665163898.647600 1 -40
1665163898.691030 1 -40
1665163898.813182 6 -35
1665163898.813182 6 -35
1665163898.855257 6 -37
1665163898.855257 6 -37
1665163898.894508 6 -27
1665163898.894508 6 -27
1665163898.896039 6 -28
1665163898.896039 6 -28
1665163898.898883 6 -27
1665163898.898883 6 -27
1665163898.936057 6 -28
1665163898.936057 6 -28
1665163898.937836 6 -28
1665163898.937836 6 -28
1665163898.939158 6 -27
1665163898.939158 6 -27
1665163898.976962 6 -26
1665163898.976962 6 -26
1665163898.978637 6 -26
1665163898.978637 6 -26
1665163898.979984 6 -26
1665163898.979984 6 -26
1665163899.016533 6 -26
1665163899.016533 6 -26
1665163899.017932 6 -25
1665163899.017932 6 -25
1665163899.020336 6 -25
1665163899.020336 6 -25
1665163899.058590 6 -30
1665163899.058590 6 -30
1665163899.060057 6 -30
1665163899.060057 6 -30
1665163899.061764 6 -29
1665163899.061764 6 -29
1665163899.099009 6 -28
1665163899.099009 6 -28
1665163899.100407 6 -29
1665163899.100407 6 -29
1665163899.102884 6 -30
1665163899.102884 6 -30
1665164029.947505 1 -39
1665164029.949311 1 -39
1665164029.950581 1 -39
1665164029.988207 1 -37
1665164029.989850 1 -36
1665164029.992059 1 -37
1665164030.030369 1 -40
1665164030.070631 1 -40
1665164030.072090 1 -41
1665164030.235967 6 -35
1665164030.235967 6 -35
1665164030.278592 6 -27
1665164030.278592 6 -27
1665164030.280467 6 -27
1665164030.280467 6 -27
1665164030.281913 6 -28
1665164030.281913 6 -28
1665164030.320139 6 -28
1665164030.320139 6 -28
1665164030.321639 6 -27
1665164030.321639 6 -27
1665164030.323240 6 -27
1665164030.323240 6 -27
1665164030.361015 6 -25
1665164030.361015 6 -25
1665164030.362438 6 -28
1665164030.362438 6 -28
1665164030.365467 6 -25
1665164030.365467 6 -25
1665164030.402141 6 -26
1665164030.402141 6 -26
1665164030.403540 6 -26
1665164030.403540 6 -26
1665164030.405365 6 -25
1665164030.405365 6 -25
1665164030.444092 6 -29
1665164030.444092 6 -29
1665164030.445492 6 -29
1665164030.445492 6 -29
1665164030.447062 6 -29
1665164030.447062 6 -29
1665164030.484313 6 -30
1665164030.484313 6 -30
1665164030.485997 6 -29
1665164030.485997 6 -29
1665164030.487313 6 -30
1665164030.487313 6 -30
1665164030.817791 1 -86
1665164161.305241 1 -39
1665164161.306720 1 -37
1665164161.308346 1 -37
1665164161.346792 1 -40
1665164161.348995 1 -37
1665164161.351440 1 -37
1665164161.389145 1 -40
1665164161.428221 1 -40
1665164161.429588 1 -42
1665164161.431542 1 -41
1665164161.594063 6 -35
1665164161.594063 6 -35
1665164161.633887 6 -27
1665164161.633887 6 -27
1665164161.635296 6 -28
1665164161.635296 6 -28
1665164161.636975 6 -28
1665164161.636975 6 -28
1665164161.676723 6 -27
1665164161.676723 6 -27
1665164161.715998 6 -27
1665164161.715998 6 -27
1665164161.717422 6 -29
1665164161.717422 6 -29
1665164161.720223 6 -27
1665164161.720223 6 -27
1665164161.756795 6 -25
1665164161.756795 6 -25
1665164161.758190 6 -26
1665164161.758190 6 -26
1665164161.760069 6 -26
1665164161.760069 6 -26
1665164161.798749 6 -30
1665164161.798749 6 -30
1665164161.800171 6 -30
1665164161.800171 6 -30
1665164161.801670 6 -30
1665164161.801670 6 -30
1665164161.837882 6 -29
1665164161.837882 6 -29
1665164161.841195 6 -30
1665164161.841195 6 -30
1665164292.688174 1 -37
1665164292.690007 1 -37
1665164292.691479 1 -37
1665164292.728626 1 -40
1665164292.730049 1 -39
1665164292.732750 1 -38
1665164292.770525 1 -40
1665164292.771948 1 -40
1665164292.773603 1 -41
1665164292.810853 1 -40
1665164292.812251 1 -40
1665164292.814072 1 -42
1665164292.933355 6 -36
1665164292.933355 6 -36
1665164292.975205 6 -36
1665164292.975205 6 -36
1665164293.015678 6 -28
1665164293.015678 6 -28
1665164293.017452 6 -27
1665164293.017452 6 -27
1665164293.019529 6 -28
1665164293.019529 6 -28
1665164293.055753 6 -27
1665164293.055753 6 -27
1665164293.057255 6 -27
1665164293.057255 6 -27
1665164293.059301 6 -28
1665164293.059301 6 -28
1665164293.097107 6 -25
1665164293.097107 6 -25
1665164293.098505 6 -27
1665164293.098505 6 -27
1665164293.100652 6 -25
1665164293.100652 6 -25
1665164293.137427 6 -26
1665164293.137427 6 -26
1665164293.139029 6 -26
1665164293.139029 6 -26
1665164293.140357 6 -25
1665164293.140357 6 -25
1665164293.179301 6 -29
1665164293.179301 6 -29
1665164293.180731 6 -29
1665164293.180731 6 -29
1665164293.182302 6 -30
1665164293.182302 6 -30
1665164293.219529 6 -30
1665164293.219529 6 -30
1665164293.221052 6 -30
1665164293.221052 6 -30
1665164293.222403 6 -29
1665164293.222403 6 -29
1665164424.003307 1 -36
1665164424.004992 1 -37
1665164424.065102 1 -38
1665164424.066632 1 -37
1665164424.074092 1 -36
1665164424.088707 1 -41
1665164424.091782 1 -39
1665164424.093109 1 -41
1665164424.126360 1 -39
1665164424.128068 1 -41
1665164424.130757 1 -39
1665164424.250355 6 -36
1665164424.250355 6 -36
1665164424.253510 6 -36
1665164424.253510 6 -36
1665164424.291361 6 -36
1665164424.291361 6 -36
1665164424.332260 6 -27
1665164424.332260 6 -27
1665164424.333659 6 -27
1665164424.333659 6 -27
1665164424.335861 6 -28
1665164424.335861 6 -28
1665164424.373137 6 -28
1665164424.373137 6 -28
1665164424.374707 6 -27
1665164424.374707 6 -27
1665164424.376236 6 -27
1665164424.376236 6 -27
1665164424.415038 6 -28
1665164424.415038 6 -28
1665164424.416434 6 -25
1665164424.416434 6 -25
1665164424.417784 6 -27
1665164424.417784 6 -27
1665164424.457434 6 -25
1665164424.457434 6 -25
1665164424.460434 6 -25
1665164424.460434 6 -25
1665164424.461761 6 -25
1665164424.461761 6 -25
1665164424.497511 6 -29
1665164424.497511 6 -29
1665164424.498881 6 -30
1665164424.498881 6 -30
1665164424.500736 6 -31
1665164424.500736 6 -31
1665164424.537988 6 -28
1665164424.537988 6 -28
1665164424.539386 6 -31
1665164424.539386 6 -31
1665164424.540909 6 -30
1665164424.540909 6 -30
1665164555.418711 1 -37
1665164555.420140 1 -36
1665164555.421878 1 -37
1665164555.458271 1 -36
1665164555.460043 1 -36
1665164555.461365 1 -37
1665164555.499789 1 -40
1665164555.501915 1 -39
1665164555.503233 1 -39
1665164555.539514 1 -40
1665164555.540884 1 -42
1665164555.542391 1 -40
1665164555.666792 6 -37
1665164555.666792 6 -37
1665164555.746267 6 -27
1665164555.746267 6 -27
1665164555.747693 6 -27
1665164555.747693 6 -27
1665164555.749120 6 -27
1665164555.749120 6 -27
1665164555.786370 6 -27
1665164555.786370 6 -27
1665164555.787794 6 -27
1665164555.787794 6 -27
1665164555.789541 6 -27
1665164555.789541 6 -27
1665164555.828278 6 -26
1665164555.828278 6 -26
1665164555.831051 6 -27
1665164555.831051 6 -27
1665164555.837142 6 -25
1665164555.837142 6 -25
1665164555.868369 6 -25
1665164555.868369 6 -25
1665164555.869801 6 -25
1665164555.869801 6 -25
1665164555.871244 6 -26
1665164555.871244 6 -26
1665164555.910119 6 -30
1665164555.910119 6 -30
1665164555.911542 6 -29
1665164555.911542 6 -29
1665164555.950916 6 -29
1665164555.950916 6 -29
1665164555.952441 6 -31
1665164555.952441 6 -31
1665164555.954298 6 -30
1665164555.954298 6 -30
1665164686.755795 1 -36
1665164686.757219 1 -37
1665164686.758614 1 -36
1665164686.796095 1 -35
1665164686.797624 1 -35
1665164686.799069 1 -36
1665164686.838398 1 -39
1665164686.840217 1 -39
1665164686.843874 1 -40
1665164686.879123 1 -39
1665164686.880521 1 -39
1665164686.882165 1 -40
1665164687.085626 6 -27
1665164687.085626 6 -27
1665164687.087025 6 -28
1665164687.087025 6 -28
1665164687.089097 6 -27
1665164687.089097 6 -27
1665164687.125323 6 -27
1665164687.125323 6 -27
1665164687.127050 6 -27
1665164687.127050 6 -27
1665164687.128722 6 -28
1665164687.128722 6 -28
1665164687.167525 6 -26
1665164687.167525 6 -26
1665164687.168948 6 -26
1665164687.168948 6 -26
1665164687.170472 6 -26
1665164687.170472 6 -26
1665164687.208449 6 -26
1665164687.208449 6 -26
1665164687.210150 6 -25
1665164687.210150 6 -25
1665164687.211472 6 -26
1665164687.211472 6 -26
1665164687.251050 6 -30
1665164687.251050 6 -30
1665164687.253473 6 -30
1665164687.253473 6 -30
1665164687.255049 6 -29
1665164687.255049 6 -29
1665164687.289724 6 -29
1665164687.289724 6 -29
1665164687.291127 6 -31
1665164687.291127 6 -31
1665164687.292599 6 -30
1665164687.292599 6 -30
1665164818.166904 1 -39
1665164818.168327 1 -37
1665164818.173532 1 -37
1665164818.206262 1 -37
1665164818.207728 1 -36
1665164818.209578 1 -37
1665164818.247825 1 -41
1665164818.249453 1 -41
1665164818.250778 1 -40
1665164818.293929 1 -40
1665164818.458056 6 -36
1665164818.458056 6 -36
1665164818.496407 6 -27
1665164818.496407 6 -27
1665164818.498806 6 -27
1665164818.498806 6 -27
1665164818.500706 6 -28
1665164818.500706 6 -28
1665164818.535033 6 -27
1665164818.535033 6 -27
1665164818.536431 6 -28
1665164818.536431 6 -28
1665164818.539510 6 -28
1665164818.539510 6 -28
1665164818.577307 6 -26
1665164818.577307 6 -26
1665164818.578707 6 -26
1665164818.578707 6 -26
1665164818.582705 6 -25
1665164818.582705 6 -25
1665164818.617532 6 -24
1665164818.617532 6 -24
1665164818.618933 6 -26
1665164818.618933 6 -26
1665164818.620657 6 -25
1665164818.620657 6 -25
1665164818.659456 6 -30
1665164818.659456 6 -30
1665164818.660884 6 -29
1665164818.660884 6 -29
1665164818.662283 6 -29
1665164818.662283 6 -29
1665164818.699538 6 -29
1665164818.699538 6 -29
1665164818.701082 6 -31
1665164818.701082 6 -31
1665164949.522444 1 -37
1665164949.525270 1 -38
1665164949.526693 1 -38
1665164949.562468 1 -37
1665164949.563897 1 -38
1665164949.565771 1 -37
1665164949.604844 1 -40
1665164949.606311 1 -41
1665164949.608241 1 -40
1665164949.644647 1 -39
1665164949.646069 1 -41
1665164949.648013 1 -39
1665164949.767424 6 -36
1665164949.767424 6 -36
1665164949.808321 6 -36
1665164949.808321 6 -36
1665164949.847775 6 -28
1665164949.847775 6 -28
1665164949.849197 6 -27
1665164949.849197 6 -27
1665164949.851173 6 -27
1665164949.851173 6 -27
1665164949.890900 6 -28
1665164949.890900 6 -28
1665164949.893048 6 -28
1665164949.893048 6 -28
1665164949.894399 6 -28
1665164949.894399 6 -28
1665164949.929134 6 -26
1665164949.929134 6 -26
1665164949.930573 6 -25
1665164949.930573 6 -25
1665164949.933024 6 -26
1665164949.933024 6 -26
1665164949.969574 6 -25
1665164949.969574 6 -25
1665164949.970972 6 -25
1665164949.970972 6 -25
1665164949.972597 6 -25
1665164949.972597 6 -25
1665164950.012549 6 -28
1665164950.012549 6 -28
1665164950.014473 6 -30
1665164950.014473 6 -30
1665164950.015900 6 -29
1665164950.015900 6 -29
1665164950.052122 6 -29
1665164950.052122 6 -29
1665164950.053651 6 -31
1665164950.053651 6 -31
1665164950.055025 6 -30
1665164950.055025 6 -30
1665165080.867087 1 -36
1665165080.868452 1 -37
1665165080.870437 1 -36
1665165080.906304 1 -36
1665165080.907757 1 -37
1665165080.909291 1 -37
1665165080.947913 1 -40
1665165080.949912 1 -40
1665165080.951259 1 -40
1665165080.987961 1 -41
1665165080.989358 1 -42
1665165080.991788 1 -40
1665165081.194738 6 -27
1665165081.194738 6 -27
1665165081.196165 6 -27
1665165081.196165 6 -27
1665165081.198238 6 -27
1665165081.198238 6 -27
1665165081.235486 6 -27
1665165081.235486 6 -27
1665165081.236964 6 -28
1665165081.236964 6 -28
1665165081.238589 6 -27
1665165081.238589 6 -27
1665165081.277387 6 -25
1665165081.277387 6 -25
1665165081.278791 6 -27
1665165081.278791 6 -27
1665165081.280237 6 -25
1665165081.280237 6 -25
1665165081.319442 6 -25
1665165081.319442 6 -25
1665165081.320840 6 -26
1665165081.320840 6 -26
1665165081.322389 6 -25
1665165081.322389 6 -25
1665165081.359386 6 -30
1665165081.359386 6 -30
1665165081.360791 6 -29
1665165081.360791 6 -29
1665165081.362261 6 -29
1665165081.362261 6 -29
1665165081.400514 6 -29
1665165081.400514 6 -29
1665165081.401878 6 -29
1665165081.401878 6 -29
1665165081.408241 6 -30
1665165081.408241 6 -30
1665165212.189002 1 -37
1665165212.194763 1 -37
1665165212.196877 1 -37
1665165212.229253 1 -38
1665165212.232529 1 -37
1665165212.270855 1 -39
1665165212.272254 1 -40
1665165212.273548 1 -40
1665165212.310856 1 -41
1665165212.312253 1 -41
1665165212.314479 1 -39
1665165212.516655 6 -27
1665165212.516655 6 -27
1665165212.518078 6 -27
1665165212.518078 6 -27
1665165212.519930 6 -27
1665165212.519930 6 -27
1665165212.557155 6 -28
1665165212.557155 6 -28
1665165212.558538 6 -27
1665165212.558538 6 -27
1665165212.600828 6 -28
1665165212.600828 6 -28
1665165212.602782 6 -28
1665165212.602782 6 -28
1665165212.604108 6 -26
1665165212.604108 6 -26
1665165212.641079 6 -26
1665165212.641079 6 -26
1665165212.642483 6 -25
1665165212.642483 6 -25
1665165212.644682 6 -27
1665165212.644682 6 -27
1665165212.682656 6 -29
1665165212.682656 6 -29
1665165212.684305 6 -30
1665165212.684305 6 -30
1665165212.723383 6 -29
1665165212.723383 6 -29
1665165212.724782 6 -30
1665165212.724782 6 -30
1665165212.726706 6 -30
1665165212.726706 6 -30
1665165343.590713 1 -36
1665165343.592116 1 -36
1665165343.594168 1 -36
1665165343.630200 1 -36
1665165343.631664 1 -36
1665165343.633462 1 -36
1665165343.674563 1 -39
1665165343.711915 1 -41
1665165343.713664 1 -40
1665165343.715515 1 -39
1665165343.917677 6 -27
1665165343.917677 6 -27
1665165343.919120 6 -27
1665165343.919120 6 -27
1665165343.920818 6 -27
1665165343.920818 6 -27
1665165343.957043 6 -28
1665165343.957043 6 -28
1665165343.958496 6 -28
1665165343.958496 6 -28
1665165343.960340 6 -28
1665165343.960340 6 -28
1665165343.999193 6 -28
1665165343.999193 6 -28
1665165344.000620 6 -26
1665165344.000620 6 -26
1665165344.002019 6 -25
1665165344.002019 6 -25
1665165344.043716 6 -26
1665165344.043716 6 -26
1665165344.045466 6 -26
1665165344.045466 6 -26
1665165344.047683 6 -25
1665165344.047683 6 -25
1665165344.082818 6 -30
1665165344.082818 6 -30
1665165344.084217 6 -29
1665165344.084217 6 -29
1665165344.085621 6 -29
1665165344.085621 6 -29
1665165344.123942 6 -29
1665165344.123942 6 -29
1665165344.125520 6 -29
1665165344.125520 6 -29
1665165344.129068 6 -31
1665165344.129068 6 -31
1665165474.973773 1 -37
1665165474.975859 1 -37
1665165474.977124 1 -37
1665165475.013358 1 -36
1665165475.014782 1 -36
1665165475.016710 1 -36
1665165475.058454 1 -39
1665165475.099057 1 -39
1665165475.222362 6 -36
1665165475.222362 6 -36
1665165475.263337 6 -36
1665165475.263337 6 -36
1665165475.301112 6 -27
1665165475.301112 6 -27
1665165475.302588 6 -28
1665165475.302588 6 -28
1665165475.304655 6 -27
1665165475.304655 6 -27
1665165475.341908 6 -28
1665165475.341908 6 -28
1665165475.344044 6 -28
1665165475.344044 6 -28
1665165475.345744 6 -28
1665165475.345744 6 -28
1665165475.383137 6 -27
1665165475.383137 6 -27
1665165475.384560 6 -26
1665165475.384560 6 -26
1665165475.386089 6 -24
1665165475.386089 6 -24
1665165475.423390 6 -27
1665165475.423390 6 -27
1665165475.424809 6 -25
1665165475.424809 6 -25
1665165475.427339 6 -26
1665165475.427339 6 -26
1665165475.465035 6 -29
1665165475.465035 6 -29
1665165475.466437 6 -29
1665165475.466437 6 -29
1665165475.468089 6 -29
1665165475.468089 6 -29
1665165475.510046 6 -29
1665165475.510046 6 -29
1665165475.514663 6 -30
1665165475.514663 6 -30
1665165475.517262 6 -29
1665165475.517262 6 -29
1665165606.352816 1 -36
1665165606.354615 1 -36
1665165606.355965 1 -37
1665165606.392795 1 -36
1665165606.394216 1 -36
1665165606.395616 1 -36
1665165606.433977 1 -40
1665165606.436738 1 -41
1665165606.473944 1 -39
1665165606.475568 1 -40
1665165606.477520 1 -40
1665165606.682345 6 -27
1665165606.682345 6 -27
1665165606.683773 6 -27
1665165606.683773 6 -27
1665165606.686822 6 -28
1665165606.686822 6 -28
1665165606.723671 6 -27
1665165606.723671 6 -27
1665165606.725071 6 -27
1665165606.725071 6 -27
1665165606.727469 6 -28
1665165606.727469 6 -28
1665165606.764650 6 -28
1665165606.764650 6 -28
1665165606.766327 6 -26
1665165606.766327 6 -26
1665165606.767776 6 -25
1665165606.767776 6 -25
1665165606.807298 6 -25
1665165606.807298 6 -25
1665165606.816423 6 -27
1665165606.816423 6 -27
1665165606.817744 6 -25
1665165606.817744 6 -25
1665165606.846471 6 -30
1665165606.846471 6 -30
1665165606.847899 6 -30
1665165606.847899 6 -30
1665165606.849471 6 -29
1665165606.849471 6 -29
1665165606.886696 6 -29
1665165606.886696 6 -29
1665165606.888097 6 -29
1665165606.888097 6 -29
1665165606.889542 6 -29
1665165606.889542 6 -29
1665165737.741000 1 -36
1665165737.743177 1 -36
1665165737.744498 1 -36
1665165737.781274 1 -36
1665165737.782622 1 -36
1665165737.784351 1 -36
1665165737.825525 1 -40
1665165737.827677 1 -39
1665165737.865857 1 -40
1665165737.867327 1 -40
1665165738.067503 6 -27
1665165738.067503 6 -27
1665165738.068901 6 -28
1665165738.068901 6 -28
1665165738.070628 6 -27
1665165738.070628 6 -27
1665165738.108003 6 -27
1665165738.108003 6 -27
1665165738.109431 6 -28
1665165738.109431 6 -28
1665165738.111128 6 -27
1665165738.111128 6 -27
1665165738.150682 6 -25
1665165738.150682 6 -25
1665165738.152081 6 -27
1665165738.152081 6 -27
1665165738.154205 6 -26
1665165738.154205 6 -26
1665165738.194807 6 -25
1665165738.194807 6 -25
1665165738.196933 6 -25
1665165738.196933 6 -25
1665165738.199356 6 -25
1665165738.199356 6 -25
1665165738.231333 6 -29
1665165738.231333 6 -29
1665165738.232753 6 -30
1665165738.232753 6 -30
1665165738.234904 6 -29
1665165738.234904 6 -29
1665165738.272154 6 -29
1665165738.272154 6 -29
1665165738.273558 6 -29
1665165738.273558 6 -29
1665165738.274981 6 -28
1665165738.274981 6 -28
1665165869.118263 1 -36
1665165869.120567 1 -36
1665165869.121940 1 -37
1665165869.163390 1 -36
1665165869.165865 1 -37
1665165869.167191 1 -36
1665165869.200443 1 -39
1665165869.203639 1 -39
1665165869.242843 1 -40
1665165869.368539 6 -36
1665165869.368539 6 -36
1665165869.408992 6 -35
1665165869.408992 6 -35
1665165869.448194 6 -27
1665165869.448194 6 -27
1665165869.449949 6 -28
1665165869.449949 6 -28
1665165869.454694 6 -27
1665165869.454694 6 -27
1665165869.487915 6 -27
1665165869.487915 6 -27
1665165869.489350 6 -28
1665165869.489350 6 -28
1665165869.489371 1 -75
1665165869.491141 6 -27
1665165869.491141 6 -27
1665165869.529918 6 -28
1665165869.529918 6 -28
1665165869.531343 6 -25
1665165869.531343 6 -25
1665165869.533541 6 -25
1665165869.533541 6 -25
1665165869.571118 6 -25
1665165869.571118 6 -25
1665165869.573266 6 -25
1665165869.573266 6 -25
1665165869.574595 6 -25
1665165869.574595 6 -25
1665165869.616718 6 -29
1665165869.616718 6 -29
1665165869.619641 6 -28
1665165869.619641 6 -28
1665165869.651892 6 -29
1665165869.651892 6 -29
1665165869.653320 6 -29
1665165869.653320 6 -29
1665165869.655070 6 -30
1665165869.655070 6 -30
1665165869.862075 6 -71
1665165869.862075 6 -71
