1665161539.353810 1 -49
1665161539.355097 1 -52
1665161539.392073 1 -50
1665161539.394322 1 -52
1665161539.396001 1 -52
1665161539.433275 1 -55
1665161539.437198 1 -55
1665161539.475324 1 -46
1665161539.477471 1 -50
1665161539.601197 6 -54
1665161539.601197 6 -54
1665161539.679572 6 -47
1665161539.679572 6 -47
1665161539.681046 6 -41
1665161539.681046 6 -41
1665161539.683045 6 -46
1665161539.683045 6 -46
1665161539.725129 6 -47
1665161539.725129 6 -47
1665161539.726576 6 -48
1665161539.726576 6 -48
1665161539.728451 6 -46
1665161539.728451 6 -46
1665161539.761898 6 -47
1665161539.761898 6 -47
1665161539.764350 6 -49
1665161539.764350 6 -49
1665161539.766179 6 -48
1665161539.766179 6 -48
1665161539.803555 6 -46
1665161539.803555 6 -46
1665161539.806053 6 -46
1665161539.806053 6 -46
1665161539.807879 6 -46
1665161539.807879 6 -46
1665161539.844974 6 -53
1665161539.844974 6 -53
1665161539.846680 6 -53
1665161539.846680 6 -53
1665161539.885407 6 -54
1665161539.885407 6 -54
1665161539.887203 6 -53
1665161539.887203 6 -53
1665161539.889022 6 -53
1665161539.889022 6 -53
1665161547.171819 1 -46
1665161547.173570 1 -44
1665161547.179342 1 -45
1665161547.212469 1 -44
1665161547.214695 1 -45
1665161547.216273 1 -45
1665161547.256047 1 -46
1665161547.257665 1 -44
1665161547.296844 1 -46
1665161547.336991 1 -53
1665161547.419149 6 -35
1665161547.419149 6 -35
1665161547.459276 6 -35
1665161547.459276 6 -35
1665161547.461447 6 -37
1665161547.461447 6 -37
1665161547.500247 6 -29
1665161547.500247 6 -29
1665161547.501655 6 -31
1665161547.501655 6 -31
1665161547.503400 6 -31
1665161547.503400 6 -31
1665161547.541899 6 -27
1665161547.541899 6 -27
1665161547.543373 6 -27
1665161547.543373 6 -27
1665161547.545150 6 -29
1665161547.545150 6 -29
1665161547.583408 6 -28
1665161547.583408 6 -28
1665161547.585424 6 -27
1665161547.585424 6 -27
1665161547.586775 6 -26
1665161547.586775 6 -26
1665161547.626199 6 -28
1665161547.626199 6 -28
1665161547.629747 6 -26
1665161547.629747 6 -26
1665161547.631125 6 -32
1665161547.631125 6 -32
1665161547.664924 6 -30
1665161547.664924 6 -30
1665161547.666400 6 -30
1665161547.666400 6 -30
1665161547.668322 6 -31
1665161547.668322 6 -31
1665161547.705574 6 -29
1665161547.705574 6 -29
1665161547.706972 6 -30
1665161547.706972 6 -30
1665161547.708698 6 -30
1665161547.708698 6 -30
1665161547.794121 6 -36
1665161547.794121 6 -36
1665161558.526399 1 -46
1665161558.528122 1 -45
1665161558.529769 1 -46
1665161558.566427 1 -45
1665161558.570395 1 -46
1665161558.572671 1 -45
1665161558.608969 1 -46
1665161558.610569 1 -46
1665161558.612450 1 -45
1665161558.650099 1 -44
1665161558.773102 6 -35
1665161558.773102 6 -35
1665161558.776475 1 -65
1665161558.815126 6 -36
1665161558.815126 6 -36
1665161558.859127 6 -28
1665161558.859127 6 -28
1665161558.860555 6 -30
1665161558.860555 6 -30
1665161558.862286 6 -28
1665161558.862286 6 -28
1665161558.897548 6 -29
1665161558.897548 6 -29
1665161558.898955 6 -28
1665161558.898955 6 -28
1665161558.902378 6 -29
1665161558.902378 6 -29
1665161558.939232 6 -29
1665161558.939232 6 -29
1665161558.940655 6 -32
1665161558.940655 6 -32
1665161558.942002 6 -27
1665161558.942002 6 -27
1665161558.980400 6 -26
1665161558.980400 6 -26
1665161558.983477 6 -33
1665161558.983477 6 -33
1665161558.984881 6 -27
1665161558.984881 6 -27
1665161559.020681 6 -30
1665161559.020681 6 -30
1665161559.024876 6 -31
1665161559.024876 6 -31
1665161559.026828 6 -29
1665161559.026828 6 -29
1665161559.061079 6 -31
1665161559.061079 6 -31
1665161559.062503 6 -30
1665161559.062503 6 -30
1665161559.064453 6 -30
1665161559.064453 6 -30
1665161577.887175 1 -45
1665161577.888604 1 -46
1665161577.890430 1 -46
1665161577.926300 1 -46
1665161577.927877 1 -44
1665161577.930353 1 -44
1665161577.969353 1 -44
1665161578.053574 1 -51
1665161578.175505 6 -38
1665161578.175505 6 -38
1665161578.176927 6 -35
1665161578.176927 6 -35
1665161578.213178 6 -30
1665161578.213178 6 -30
1665161578.214981 6 -31
1665161578.214981 6 -31
1665161578.216326 6 -28
1665161578.216326 6 -28
1665161578.253644 6 -31
1665161578.253644 6 -31
1665161578.255282 6 -30
1665161578.255282 6 -30
1665161578.256798 6 -28
1665161578.256798 6 -28
1665161578.295630 6 -28
1665161578.295630 6 -28
1665161578.297056 6 -32
1665161578.297056 6 -32
1665161578.298980 6 -25
1665161578.298980 6 -25
1665161578.335606 6 -29
1665161578.335606 6 -29
1665161578.337029 6 -32
1665161578.337029 6 -32
1665161578.338856 6 -28
1665161578.338856 6 -28
1665161578.377099 6 -31
1665161578.377099 6 -31
1665161578.378577 6 -31
1665161578.378577 6 -31
1665161578.380152 6 -31
1665161578.380152 6 -31
1665161578.417404 6 -31
1665161578.417404 6 -31
1665161578.418827 6 -31
1665161578.418827 6 -31
1665161578.420675 6 -31
1665161578.420675 6 -31
1665161578.504677 6 -85
1665161578.504677 6 -85
1665161613.255995 1 -49
1665161613.260120 1 -50
1665161613.261448 1 -50
1665161613.295817 1 -49
1665161613.297294 1 -49
1665161613.298670 1 -50
1665161613.337698 1 -50
1665161613.339145 1 -50
1665161613.340995 1 -50
1665161613.377223 1 -50
1665161613.378591 1 -50
1665161613.380371 1 -49
1665161613.503271 6 -37
1665161613.503271 6 -37
1665161613.583398 6 -31
1665161613.583398 6 -31
1665161613.584974 6 -31
1665161613.584974 6 -31
1665161613.586275 6 -28
1665161613.586275 6 -28
1665161613.625921 6 -31
1665161613.625921 6 -31
1665161613.627324 6 -30
1665161613.627324 6 -30
1665161613.629171 6 -31
1665161613.629171 6 -31
1665161613.670649 6 -31
1665161613.670649 6 -31
1665161613.671998 6 -29
1665161613.671998 6 -29
1665161613.707225 6 -29
1665161613.707225 6 -29
1665161613.708626 6 -31
1665161613.708626 6 -31
1665161613.709974 6 -31
1665161613.709974 6 -31
1665161613.789601 6 -32
1665161613.789601 6 -32
1665161613.790999 6 -33
1665161613.790999 6 -33
1665161613.871673 6 -35
1665161613.871673 6 -35
1665161680.578110 1 -45
1665161680.579584 1 -45
1665161680.585849 1 -44
1665161680.617972 1 -45
1665161680.619435 1 -47
1665161680.621435 1 -45
1665161680.659261 1 -46
1665161680.660630 1 -45
1665161680.663310 1 -46
1665161680.699546 1 -45
1665161680.703936 1 -46
1665161680.903686 6 -29
1665161680.903686 6 -29
1665161680.905110 6 -30
1665161680.905110 6 -30
1665161680.944487 6 -30
1665161680.944487 6 -30
1665161680.945914 6 -30
1665161680.945914 6 -30
1665161680.947789 6 -27
1665161680.947789 6 -27
1665161680.987014 6 -28
1665161680.987014 6 -28
1665161680.988387 6 -28
1665161680.988387 6 -28
1665161680.990919 6 -31
1665161680.990919 6 -31
1665161681.027313 6 -26
1665161681.027313 6 -26
1665161681.028712 6 -26
1665161681.028712 6 -26
1665161681.031889 6 -27
1665161681.031889 6 -27
1665161681.068665 6 -30
1665161681.068665 6 -30
1665161681.070046 6 -33
1665161681.070046 6 -33
1665161681.072188 6 -30
1665161681.072188 6 -30
1665161681.109015 6 -31
1665161681.109015 6 -31
1665161681.110360 6 -31
1665161681.110360 6 -31
1665161681.112111 6 -30
1665161681.112111 6 -30
1665161811.955078 1 -45
1665161811.956421 1 -45
1665161811.957773 1 -46
1665161811.990272 1 -45
1665161811.992600 1 -45
1665161811.996654 1 -45
1665161812.032805 1 -45
1665161812.034578 1 -44
1665161812.036126 1 -45
1665161812.074064 1 -46
1665161812.075798 1 -45
1665161812.077178 1 -45
1665161812.155907 6 -36
1665161812.155907 6 -36
1665161812.197603 6 -35
1665161812.197603 6 -35
1665161812.241055 6 -37
1665161812.241055 6 -37
1665161812.242356 1 -67
1665161812.279830 6 -27
1665161812.279830 6 -27
1665161812.282456 6 -28
1665161812.282456 6 -28
1665161812.283807 6 -30
1665161812.283807 6 -30
1665161812.319032 6 -28
1665161812.319032 6 -28
1665161812.320907 6 -27
1665161812.320907 6 -27
1665161812.361273 6 -27
1665161812.361273 6 -27
1665161812.362706 6 -28
1665161812.362706 6 -28
1665161812.364258 6 -27
1665161812.364258 6 -27
1665161812.400901 6 -26
1665161812.400901 6 -26
1665161812.402408 6 -27
1665161812.402408 6 -27
1665161812.405830 6 -28
1665161812.405830 6 -28
1665161812.444657 6 -31
1665161812.444657 6 -31
1665161812.446003 6 -30
1665161812.446003 6 -30
1665161812.447855 6 -31
1665161812.447855 6 -31
1665161812.483057 6 -31
1665161812.483057 6 -31
1665161812.484479 6 -31
1665161812.484479 6 -31
1665161812.488730 6 -30
1665161812.488730 6 -30
1665161943.342897 1 -45
1665161943.346965 1 -45
1665161943.384021 1 -45
1665161943.385419 1 -45
1665161943.388121 1 -46
1665161943.424747 1 -45
1665161943.428199 1 -46
1665161943.465979 1 -46
1665161943.467629 1 -46
1665161943.471323 1 -43
1665161943.672672 6 -30
1665161943.672672 6 -30
1665161943.674203 6 -29
1665161943.674203 6 -29
1665161943.710452 6 -28
1665161943.710452 6 -28
1665161943.714100 6 -29
1665161943.714100 6 -29
1665161943.752726 6 -27
1665161943.752726 6 -27
1665161943.754600 6 -27
1665161943.754600 6 -27
1665161943.755952 6 -27
1665161943.755952 6 -27
1665161943.798176 6 -27
1665161943.798176 6 -27
1665161943.812475 6 -32
1665161943.812475 6 -32
1665161943.813827 6 -27
1665161943.813827 6 -27
1665161943.837077 6 -30
1665161943.837077 6 -30
1665161943.882424 6 -31
1665161943.882424 6 -31
1665161943.884202 6 -28
1665161943.884202 6 -28
1665161943.962244 6 -33
1665161943.962244 6 -33
1665162074.730084 1 -45
1665162074.732137 1 -46
1665162074.733459 1 -46
1665162074.771060 1 -46
1665162074.773513 1 -45
1665162074.774802 1 -45
1665162074.814858 1 -47
1665162074.816263 1 -45
1665162074.853941 1 -47
1665162074.855333 1 -46
1665162074.857162 1 -44
1665162074.938611 6 -37
1665162074.938611 6 -37
1665162074.978815 6 -37
1665162074.978815 6 -37
1665162074.980238 6 -36
1665162074.980238 6 -36
1665162075.020236 6 -38
1665162075.020236 6 -38
1665162075.059018 6 -27
1665162075.059018 6 -27
1665162075.060440 6 -29
1665162075.060440 6 -29
1665162075.099916 6 -28
1665162075.099916 6 -28
1665162075.101338 6 -28
1665162075.101338 6 -28
1665162075.141541 6 -27
1665162075.141541 6 -27
1665162075.142963 6 -31
1665162075.142963 6 -31
1665162075.145415 6 -27
1665162075.145415 6 -27
1665162075.182088 6 -31
1665162075.182088 6 -31
1665162075.183737 6 -31
1665162075.183737 6 -31
1665162075.185065 6 -26
1665162075.185065 6 -26
1665162075.224690 6 -77
1665162075.224690 6 -77
1665162075.226111 6 -30
1665162075.226111 6 -30
1665162075.228016 6 -30
1665162075.228016 6 -30
1665162075.264641 6 -30
1665162075.264641 6 -30
1665162075.266041 6 -32
1665162075.266041 6 -32
1665162075.267894 6 -31
1665162075.267894 6 -31
1665162075.306613 6 -39
1665162075.306613 6 -39
1665162206.093134 1 -45
1665162206.094536 1 -46
1665162206.095888 1 -46
1665162206.133254 1 -46
1665162206.134664 1 -47
1665162206.136391 1 -45
1665162206.174814 1 -43
1665162206.176242 1 -45
1665162206.178266 1 -46
1665162206.301039 1 -44
1665162206.343192 6 -36
1665162206.343192 6 -36
1665162206.380345 6 -36
1665162206.380345 6 -36
1665162206.382044 6 -35
1665162206.382044 6 -35
1665162206.421292 6 -29
1665162206.421292 6 -29
1665162206.422720 6 -29
1665162206.422720 6 -29
1665162206.424041 6 -27
1665162206.424041 6 -27
1665162206.461269 6 -31
1665162206.461269 6 -31
1665162206.463631 6 -28
1665162206.463631 6 -28
1665162206.465820 6 -31
1665162206.465820 6 -31
1665162206.503670 6 -27
1665162206.503670 6 -27
1665162206.511220 6 -26
1665162206.511220 6 -26
1665162206.512971 6 -33
1665162206.512971 6 -33
1665162206.548349 6 -31
1665162206.548349 6 -31
1665162206.549768 6 -32
1665162206.549768 6 -32
1665162206.553317 6 -29
1665162206.553317 6 -29
1665162206.585069 6 -31
1665162206.585069 6 -31
1665162206.586512 6 -32
1665162206.586512 6 -32
1665162206.588120 6 -31
1665162206.588120 6 -31
1665162206.625370 6 -28
1665162206.625370 6 -28
1665162206.626769 6 -29
1665162206.626769 6 -29
1665162206.628495 6 -32
1665162206.628495 6 -32
1665162206.752297 6 -60
1665162206.752297 6 -60
1665162337.475131 1 -45
1665162337.477733 1 -46
1665162337.518364 1 -45
1665162337.519905 1 -49
1665162337.521481 1 -45
1665162337.556833 1 -47
1665162337.558334 1 -44
1665162337.597818 1 -47
1665162337.603061 1 -45
1665162337.607507 1 -47
1665162337.764907 6 -36
1665162337.764907 6 -36
1665162337.802712 6 -31
1665162337.802712 6 -31
1665162337.804134 6 -29
1665162337.804134 6 -29
1665162337.805460 6 -28
1665162337.805460 6 -28
1665162337.845585 6 -23
1665162337.845585 6 -23
1665162337.847009 6 -28
1665162337.847009 6 -28
1665162337.848686 6 -29
1665162337.848686 6 -29
1665162337.884509 6 -31
1665162337.884509 6 -31
1665162337.885908 6 -27
1665162337.885908 6 -27
1665162337.887312 6 -32
1665162337.887312 6 -32
1665162337.928010 6 -26
1665162337.928010 6 -26
1665162337.930212 6 -26
1665162337.930212 6 -26
1665162337.938069 6 -27
1665162337.938069 6 -27
1665162337.965883 6 -30
1665162337.965883 6 -30
1665162337.969336 6 -32
1665162337.969336 6 -32
1665162337.970670 6 -30
1665162337.970670 6 -30
1665162338.009284 6 -31
1665162338.009284 6 -31
1665162338.010613 6 -30
1665162338.010613 6 -30
1665162338.091909 6 -35
1665162338.091909 6 -35
1665162338.132212 6 -48
1665162338.132212 6 -48
1665162468.851231 1 -46
1665162468.852933 1 -45
1665162468.893058 1 -45
1665162468.895834 1 -46
1665162468.897934 1 -45
1665162468.934410 1 -45
1665162468.936106 1 -45
1665162468.937458 1 -46
1665162468.980481 1 -46
1665162468.984309 1 -45
1665162469.142310 1 -65
1665162469.181286 6 -31
1665162469.181286 6 -31
1665162469.183634 6 -30
1665162469.183634 6 -30
1665162469.185086 6 -30
1665162469.185086 6 -30
1665162469.221312 6 -28
1665162469.221312 6 -28
1665162469.222734 6 -28
1665162469.222734 6 -28
1665162469.225836 6 -27
1665162469.225836 6 -27
1665162469.262610 6 -30
1665162469.262610 6 -30
1665162469.264009 6 -26
1665162469.264009 6 -26
1665162469.269089 6 -27
1665162469.269089 6 -27
1665162469.304462 6 -27
1665162469.304462 6 -27
1665162469.309509 6 -28
1665162469.309509 6 -28
1665162469.315133 6 -26
1665162469.315133 6 -26
1665162469.346984 6 -31
1665162469.346984 6 -31
1665162469.348460 6 -30
1665162469.348460 6 -30
1665162469.386608 6 -27
1665162469.386608 6 -27
1665162469.388413 6 -32
1665162469.388413 6 -32
1665162469.391182 6 -30
1665162469.391182 6 -30
1665162469.512986 6 -60
1665162469.512986 6 -60
1665162469.514562 6 -60
1665162469.514562 6 -60
1665162600.261166 1 -44
1665162600.292190 1 -47
1665162600.295816 1 -44
1665162600.297169 1 -45
1665162600.332342 1 -46
1665162600.334739 1 -45
1665162600.336114 1 -45
1665162600.375916 1 -46
1665162600.382893 1 -45
1665162600.387518 1 -45
1665162600.496147 6 -36
1665162600.496147 6 -36
1665162600.578021 6 -30
1665162600.578021 6 -30
1665162600.579544 6 -29
1665162600.579544 6 -29
1665162600.582443 6 -28
1665162600.582443 6 -28
1665162600.620296 6 -30
1665162600.620296 6 -30
1665162600.623646 6 -27
1665162600.623646 6 -27
1665162600.660698 6 -28
1665162600.660698 6 -28
1665162600.663022 6 -30
1665162600.663022 6 -30
1665162600.664944 6 -28
1665162600.664944 6 -28
1665162600.699900 6 -31
1665162600.699900 6 -31
1665162600.701324 6 -26
1665162600.701324 6 -26
1665162600.703742 6 -31
1665162600.703742 6 -31
1665162600.743367 6 -30
1665162600.743367 6 -30
1665162600.744699 6 -30
1665162600.744699 6 -30
1665162600.784272 6 -31
1665162600.784272 6 -31
1665162600.787469 6 -30
1665162600.787469 6 -30
1665162731.621780 1 -45
1665162731.623297 1 -46
1665162731.624680 1 -45
1665162731.662281 1 -45
1665162731.663728 1 -45
1665162731.665156 1 -46
1665162731.704531 1 -45
1665162731.707558 1 -45
1665162731.743726 1 -45
1665162731.745204 1 -45
1665162731.748125 1 -44
1665162731.793155 1 -48
1665162731.872227 1 -67
1665162731.917355 6 -36
1665162731.917355 6 -36
1665162731.951480 6 -27
1665162731.951480 6 -27
1665162731.954706 6 -27
1665162731.954706 6 -27
1665162731.990558 6 -31
1665162731.990558 6 -31
1665162731.992108 1 -77
1665162731.992127 6 -29
1665162731.992127 6 -29
1665162731.993558 6 -29
1665162731.993558 6 -29
1665162732.034511 6 -32
1665162732.034511 6 -32
1665162732.035910 6 -26
1665162732.035910 6 -26
1665162732.039856 6 -26
1665162732.039856 6 -26
1665162732.073712 6 -28
1665162732.073712 6 -28
1665162732.075684 6 -26
1665162732.075684 6 -26
1665162732.076996 6 -27
1665162732.076996 6 -27
1665162732.118982 6 -31
1665162732.118982 6 -31
1665162732.121028 6 -30
1665162732.121028 6 -30
1665162732.154266 6 -28
1665162732.154266 6 -28
1665162732.161128 6 -30
1665162732.161128 6 -30
1665162863.000274 1 -46
1665162863.003375 1 -47
1665162863.005345 1 -45
1665162863.040524 1 -46
1665162863.041947 1 -45
1665162863.044077 1 -45
1665162863.082523 1 -44
1665162863.084000 1 -45
1665162863.127096 1 -44
1665162863.128422 1 -45
1665162863.245472 6 -36
1665162863.245472 6 -36
1665162863.248901 6 -34
1665162863.248901 6 -34
1665162863.331252 6 -31
1665162863.331252 6 -31
1665162863.332598 6 -29
1665162863.332598 6 -29
1665162863.369849 6 -31
1665162863.369849 6 -31
1665162863.371503 6 -29
1665162863.371503 6 -29
1665162863.373151 6 -31
1665162863.373151 6 -31
1665162863.413451 6 -27
1665162863.413451 6 -27
1665162863.416257 6 -28
1665162863.416257 6 -28
1665162863.452002 6 -27
1665162863.452002 6 -27
1665162863.453401 6 -28
1665162863.453401 6 -28
1665162863.455599 6 -32
1665162863.455599 6 -32
1665162863.494100 6 -27
1665162863.494100 6 -27
1665162863.495503 6 -30
1665162863.495503 6 -30
1665162863.533076 6 -29
1665162863.533076 6 -29
1665162863.534475 6 -30
1665162863.534475 6 -30
1665162863.536348 6 -31
1665162863.536348 6 -31
1665162863.617199 6 -30
1665162863.617199 6 -30
1665162994.375121 1 -45
1665162994.376944 1 -45
1665162994.378213 1 -45
1665162994.415145 1 -46
1665162994.417915 1 -46
1665162994.420270 1 -44
1665162994.460591 1 -45
1665162994.538721 1 -49
1665162994.580794 1 -45
1665162994.702874 6 -30
1665162994.702874 6 -30
1665162994.704420 6 -28
1665162994.704420 6 -28
1665162994.743070 6 -30
1665162994.743070 6 -30
1665162994.744499 6 -28
1665162994.744499 6 -28
1665162994.746923 6 -28
1665162994.746923 6 -28
1665162994.784702 6 -32
1665162994.784702 6 -32
1665162994.786125 6 -27
1665162994.786125 6 -27
1665162994.788795 6 -31
1665162994.788795 6 -31
1665162994.829548 6 -29
1665162994.829548 6 -29
1665162994.831458 6 -32
1665162994.831458 6 -32
1665162994.832797 6 -26
1665162994.832797 6 -26
1665162994.867322 6 -30
1665162994.867322 6 -30
1665162994.871447 6 -29
1665162994.871447 6 -29
1665162994.907615 6 -30
1665162994.907615 6 -30
1665162994.909040 6 -30
1665162994.909040 6 -30
1665162994.950823 6 -34
1665162994.950823 6 -34
1665163125.764785 1 -45
1665163125.766269 1 -45
1665163125.768869 1 -45
1665163125.802244 1 -48
1665163125.803667 1 -45
1665163125.805417 1 -45
1665163125.845878 1 -45
1665163125.847270 1 -46
1665163125.848620 1 -46
1665163125.883787 1 -46
1665163125.886496 1 -45
1665163125.888787 1 -45
1665163126.009068 1 -67
1665163126.010499 6 -38
1665163126.010499 6 -38
1665163126.090820 6 -28
1665163126.090820 6 -28
1665163126.092248 6 -28
1665163126.092248 6 -28
1665163126.094206 6 -30
1665163126.094206 6 -30
1665163126.131469 6 -29
1665163126.131469 6 -29
1665163126.132896 6 -27
1665163126.132896 6 -27
1665163126.134247 6 -29
1665163126.134247 6 -29
1665163126.173127 6 -25
1665163126.173127 6 -25
1665163126.174545 6 -30
1665163126.174545 6 -30
1665163126.180594 6 -28
1665163126.180594 6 -28
1665163126.219344 6 -27
1665163126.219344 6 -27
1665163126.220846 6 -32
1665163126.220846 6 -32
1665163126.225048 6 -30
1665163126.225048 6 -30
1665163126.256296 6 -34
1665163126.256296 6 -34
1665163126.257695 6 -32
1665163126.257695 6 -32
1665163126.296023 6 -30
1665163126.296023 6 -30
1665163126.297444 6 -32
1665163126.297444 6 -32
1665163126.299197 6 -31
1665163126.299197 6 -31
1665163126.378594 6 -41
1665163126.378594 6 -41
1665163126.430373 6 -60
1665163126.430373 6 -60
1665163257.136395 1 -46
1665163257.137738 1 -46
1665163257.140138 1 -45
1665163257.175942 1 -45
1665163257.179442 1 -47
1665163257.219918 1 -45
1665163257.223496 1 -44
1665163257.257770 1 -45
1665163257.388195 6 -37
1665163257.388195 6 -37
1665163257.465297 6 -23
1665163257.465297 6 -23
1665163257.468094 6 -28
1665163257.468094 6 -28
1665163257.469390 6 -27
1665163257.469390 6 -27
1665163257.505673 6 -29
1665163257.505673 6 -29
1665163257.507071 6 -29
1665163257.507071 6 -29
1665163257.510547 6 -30
1665163257.510547 6 -30
1665163257.547326 6 -26
1665163257.547326 6 -26
1665163257.548755 6 -32
1665163257.548755 6 -32
1665163257.555548 6 -27
1665163257.555548 6 -27
1665163257.600735 6 -28
1665163257.600735 6 -28
1665163257.604470 6 -27
1665163257.604470 6 -27
1665163257.605807 6 -32
1665163257.605807 6 -32
1665163257.628625 6 -30
1665163257.628625 6 -30
1665163257.630049 6 -31
1665163257.630049 6 -31
1665163257.635922 6 -30
1665163257.635922 6 -30
1665163257.669173 6 -30
1665163257.669173 6 -30
1665163257.670596 6 -30
1665163257.670596 6 -30
1665163257.672251 6 -30
1665163257.672251 6 -30
