1665161539.353810000 1
1665161539.355097000 1
1665161539.392073000 1
1665161539.394322000 1
1665161539.396001000 1
1665161539.433275000 1
1665161539.437198000 1
1665161539.475324000 1
1665161539.477471000 1
1665161539.601197000 6
1665161539.601197000 6
1665161539.679572000 6
1665161539.679572000 6
1665161539.681046000 6
1665161539.681046000 6
1665161539.683045000 6
1665161539.683045000 6
1665161539.725129000 6
1665161539.725129000 6
1665161539.726576000 6
1665161539.726576000 6
1665161539.728451000 6
1665161539.728451000 6
1665161539.761898000 6
1665161539.761898000 6
1665161539.764350000 6
1665161539.764350000 6
1665161539.766179000 6
1665161539.766179000 6
1665161539.803555000 6
1665161539.803555000 6
1665161539.806053000 6
1665161539.806053000 6
1665161539.807879000 6
1665161539.807879000 6
1665161539.844974000 6
1665161539.844974000 6
1665161539.846680000 6
1665161539.846680000 6
1665161539.885407000 6
1665161539.885407000 6
1665161539.887203000 6
1665161539.887203000 6
1665161539.889022000 6
1665161539.889022000 6
1665161547.171819000 1
1665161547.173570000 1
1665161547.179342000 1
1665161547.212469000 1
1665161547.214695000 1
1665161547.216273000 1
1665161547.256047000 1
1665161547.257665000 1
1665161547.296844000 1
1665161547.336991000 1
1665161547.419149000 6
1665161547.419149000 6
1665161547.459276000 6
1665161547.459276000 6
1665161547.461447000 6
1665161547.461447000 6
1665161547.500247000 6
1665161547.500247000 6
1665161547.501655000 6
1665161547.501655000 6
1665161547.503400000 6
1665161547.503400000 6
1665161547.541899000 6
1665161547.541899000 6
1665161547.543373000 6
1665161547.543373000 6
1665161547.545150000 6
1665161547.545150000 6
1665161547.583408000 6
1665161547.583408000 6
1665161547.585424000 6
1665161547.585424000 6
1665161547.586775000 6
1665161547.586775000 6
1665161547.626199000 6
1665161547.626199000 6
1665161547.629747000 6
1665161547.629747000 6
1665161547.631125000 6
1665161547.631125000 6
1665161547.664924000 6
1665161547.664924000 6
1665161547.666400000 6
1665161547.666400000 6
1665161547.668322000 6
1665161547.668322000 6
1665161547.705574000 6
1665161547.705574000 6
1665161547.706972000 6
1665161547.706972000 6
1665161547.708698000 6
1665161547.708698000 6
1665161547.794121000 6
1665161547.794121000 6
1665161558.526399000 1
1665161558.528122000 1
1665161558.529769000 1
1665161558.566427000 1
1665161558.570395000 1
1665161558.572671000 1
1665161558.608969000 1
1665161558.610569000 1
1665161558.612450000 1
1665161558.650099000 1
1665161558.773102000 6
1665161558.773102000 6
1665161558.776475000 1
1665161558.815126000 6
1665161558.815126000 6
1665161558.859127000 6
1665161558.859127000 6
1665161558.860555000 6
1665161558.860555000 6
1665161558.862286000 6
1665161558.862286000 6
1665161558.897548000 6
1665161558.897548000 6
1665161558.898955000 6
1665161558.898955000 6
1665161558.902378000 6
1665161558.902378000 6
1665161558.939232000 6
1665161558.939232000 6
1665161558.940655000 6
1665161558.940655000 6
1665161558.942002000 6
1665161558.942002000 6
1665161558.980400000 6
1665161558.980400000 6
1665161558.983477000 6
1665161558.983477000 6
1665161558.984881000 6
1665161558.984881000 6
1665161559.020681000 6
1665161559.020681000 6
1665161559.024876000 6
1665161559.024876000 6
1665161559.026828000 6
1665161559.026828000 6
1665161559.061079000 6
1665161559.061079000 6
1665161559.062503000 6
1665161559.062503000 6
1665161559.064453000 6
1665161559.064453000 6
1665161577.887175000 1
1665161577.888604000 1
1665161577.890430000 1
1665161577.926300000 1
1665161577.927877000 1
1665161577.930353000 1
1665161577.969353000 1
1665161578.053574000 1
1665161578.175505000 6
1665161578.175505000 6
1665161578.176927000 6
1665161578.176927000 6
1665161578.213178000 6
1665161578.213178000 6
1665161578.214981000 6
1665161578.214981000 6
1665161578.216326000 6
1665161578.216326000 6
1665161578.253644000 6
1665161578.253644000 6
1665161578.255282000 6
1665161578.255282000 6
1665161578.256798000 6
1665161578.256798000 6
1665161578.295630000 6
1665161578.295630000 6
1665161578.297056000 6
1665161578.297056000 6
1665161578.298980000 6
1665161578.298980000 6
1665161578.335606000 6
1665161578.335606000 6
1665161578.337029000 6
1665161578.337029000 6
1665161578.338856000 6
1665161578.338856000 6
1665161578.377099000 6
1665161578.377099000 6
1665161578.378577000 6
1665161578.378577000 6
1665161578.380152000 6
1665161578.380152000 6
1665161578.417404000 6
1665161578.417404000 6
1665161578.418827000 6
1665161578.418827000 6
1665161578.420675000 6
1665161578.420675000 6
1665161578.504677000 6
1665161578.504677000 6
1665161613.255995000 1
1665161613.260120000 1
1665161613.261448000 1
1665161613.295817000 1
1665161613.297294000 1
1665161613.298670000 1
1665161613.337698000 1
1665161613.339145000 1
1665161613.340995000 1
1665161613.377223000 1
1665161613.378591000 1
1665161613.380371000 1
1665161613.503271000 6
1665161613.503271000 6
1665161613.583398000 6
1665161613.583398000 6
1665161613.584974000 6
1665161613.584974000 6
1665161613.586275000 6
1665161613.586275000 6
1665161613.625921000 6
1665161613.625921000 6
1665161613.627324000 6
1665161613.627324000 6
1665161613.629171000 6
1665161613.629171000 6
1665161613.670649000 6
1665161613.670649000 6
1665161613.671998000 6
1665161613.671998000 6
1665161613.707225000 6
1665161613.707225000 6
1665161613.708626000 6
1665161613.708626000 6
1665161613.709974000 6
1665161613.709974000 6
1665161613.789601000 6
1665161613.789601000 6
1665161613.790999000 6
1665161613.790999000 6
1665161613.871673000 6
1665161613.871673000 6
1665161680.578110000 1
1665161680.579584000 1
1665161680.585849000 1
1665161680.617972000 1
1665161680.619435000 1
1665161680.621435000 1
1665161680.659261000 1
1665161680.660630000 1
1665161680.663310000 1
1665161680.699546000 1
1665161680.703936000 1
1665161680.903686000 6
1665161680.903686000 6
1665161680.905110000 6
1665161680.905110000 6
1665161680.944487000 6
1665161680.944487000 6
1665161680.945914000 6
1665161680.945914000 6
1665161680.947789000 6
1665161680.947789000 6
1665161680.987014000 6
1665161680.987014000 6
1665161680.988387000 6
1665161680.988387000 6
1665161680.990919000 6
1665161680.990919000 6
1665161681.027313000 6
1665161681.027313000 6
1665161681.028712000 6
1665161681.028712000 6
1665161681.031889000 6
1665161681.031889000 6
1665161681.068665000 6
1665161681.068665000 6
1665161681.070046000 6
1665161681.070046000 6
1665161681.072188000 6
1665161681.072188000 6
1665161681.109015000 6
1665161681.109015000 6
1665161681.110360000 6
1665161681.110360000 6
1665161681.112111000 6
1665161681.112111000 6
1665161811.955078000 1
1665161811.956421000 1
1665161811.957773000 1
1665161811.990272000 1
1665161811.992600000 1
1665161811.996654000 1
1665161812.032805000 1
1665161812.034578000 1
1665161812.036126000 1
1665161812.074064000 1
1665161812.075798000 1
1665161812.077178000 1
1665161812.155907000 6
1665161812.155907000 6
1665161812.197603000 6
1665161812.197603000 6
1665161812.241055000 6
1665161812.241055000 6
1665161812.242356000 1
1665161812.279830000 6
1665161812.279830000 6
1665161812.282456000 6
1665161812.282456000 6
1665161812.283807000 6
1665161812.283807000 6
1665161812.319032000 6
1665161812.319032000 6
1665161812.320907000 6
1665161812.320907000 6
1665161812.361273000 6
1665161812.361273000 6
1665161812.362706000 6
1665161812.362706000 6
1665161812.364258000 6
1665161812.364258000 6
1665161812.400901000 6
1665161812.400901000 6
1665161812.402408000 6
1665161812.402408000 6
1665161812.405830000 6
1665161812.405830000 6
1665161812.444657000 6
1665161812.444657000 6
1665161812.446003000 6
1665161812.446003000 6
1665161812.447855000 6
1665161812.447855000 6
1665161812.483057000 6
1665161812.483057000 6
1665161812.484479000 6
1665161812.484479000 6
1665161812.488730000 6
1665161812.488730000 6
1665161943.342897000 1
1665161943.346965000 1
1665161943.384021000 1
1665161943.385419000 1
1665161943.388121000 1
1665161943.424747000 1
1665161943.428199000 1
1665161943.465979000 1
1665161943.467629000 1
1665161943.471323000 1
1665161943.672672000 6
1665161943.672672000 6
1665161943.674203000 6
1665161943.674203000 6
1665161943.710452000 6
1665161943.710452000 6
1665161943.714100000 6
1665161943.714100000 6
1665161943.752726000 6
1665161943.752726000 6
1665161943.754600000 6
1665161943.754600000 6
1665161943.755952000 6
1665161943.755952000 6
1665161943.798176000 6
1665161943.798176000 6
1665161943.812475000 6
1665161943.812475000 6
1665161943.813827000 6
1665161943.813827000 6
1665161943.837077000 6
1665161943.837077000 6
1665161943.882424000 6
1665161943.882424000 6
1665161943.884202000 6
1665161943.884202000 6
1665161943.962244000 6
1665161943.962244000 6
1665162074.730084000 1
1665162074.732137000 1
1665162074.733459000 1
1665162074.771060000 1
1665162074.773513000 1
1665162074.774802000 1
1665162074.814858000 1
1665162074.816263000 1
1665162074.853941000 1
1665162074.855333000 1
1665162074.857162000 1
1665162074.938611000 6
1665162074.938611000 6
1665162074.978815000 6
1665162074.978815000 6
1665162074.980238000 6
1665162074.980238000 6
1665162075.020236000 6
1665162075.020236000 6
1665162075.059018000 6
1665162075.059018000 6
1665162075.060440000 6
1665162075.060440000 6
1665162075.099916000 6
1665162075.099916000 6
1665162075.101338000 6
1665162075.101338000 6
1665162075.141541000 6
1665162075.141541000 6
1665162075.142963000 6
1665162075.142963000 6
1665162075.145415000 6
1665162075.145415000 6
1665162075.182088000 6
1665162075.182088000 6
1665162075.183737000 6
1665162075.183737000 6
1665162075.185065000 6
1665162075.185065000 6
1665162075.224690000 6
1665162075.224690000 6
1665162075.226111000 6
1665162075.226111000 6
1665162075.228016000 6
1665162075.228016000 6
1665162075.264641000 6
1665162075.264641000 6
1665162075.266041000 6
1665162075.266041000 6
1665162075.267894000 6
1665162075.267894000 6
1665162075.306613000 6
1665162075.306613000 6
1665162206.093134000 1
1665162206.094536000 1
1665162206.095888000 1
1665162206.133254000 1
1665162206.134664000 1
1665162206.136391000 1
1665162206.174814000 1
1665162206.176242000 1
1665162206.178266000 1
1665162206.301039000 1
1665162206.343192000 6
1665162206.343192000 6
1665162206.380345000 6
1665162206.380345000 6
1665162206.382044000 6
1665162206.382044000 6
1665162206.421292000 6
1665162206.421292000 6
1665162206.422720000 6
1665162206.422720000 6
1665162206.424041000 6
1665162206.424041000 6
1665162206.461269000 6
1665162206.461269000 6
1665162206.463631000 6
1665162206.463631000 6
1665162206.465820000 6
1665162206.465820000 6
1665162206.503670000 6
1665162206.503670000 6
1665162206.511220000 6
1665162206.511220000 6
1665162206.512971000 6
1665162206.512971000 6
1665162206.548349000 6
1665162206.548349000 6
1665162206.549768000 6
1665162206.549768000 6
1665162206.553317000 6
1665162206.553317000 6
1665162206.585069000 6
1665162206.585069000 6
1665162206.586512000 6
1665162206.586512000 6
1665162206.588120000 6
1665162206.588120000 6
1665162206.625370000 6
1665162206.625370000 6
1665162206.626769000 6
1665162206.626769000 6
1665162206.628495000 6
1665162206.628495000 6
1665162206.752297000 6
1665162206.752297000 6
1665162337.475131000 1
1665162337.477733000 1
1665162337.518364000 1
1665162337.519905000 1
1665162337.521481000 1
1665162337.556833000 1
1665162337.558334000 1
1665162337.597818000 1
1665162337.603061000 1
1665162337.607507000 1
1665162337.764907000 6
1665162337.764907000 6
1665162337.802712000 6
1665162337.802712000 6
1665162337.804134000 6
1665162337.804134000 6
1665162337.805460000 6
1665162337.805460000 6
1665162337.845585000 6
1665162337.845585000 6
1665162337.847009000 6
1665162337.847009000 6
1665162337.848686000 6
1665162337.848686000 6
1665162337.884509000 6
1665162337.884509000 6
1665162337.885908000 6
1665162337.885908000 6
1665162337.887312000 6
1665162337.887312000 6
1665162337.928010000 6
1665162337.928010000 6
1665162337.930212000 6
1665162337.930212000 6
1665162337.938069000 6
1665162337.938069000 6
1665162337.965883000 6
1665162337.965883000 6
1665162337.969336000 6
1665162337.969336000 6
1665162337.970670000 6
1665162337.970670000 6
1665162338.009284000 6
1665162338.009284000 6
1665162338.010613000 6
1665162338.010613000 6
1665162338.091909000 6
1665162338.091909000 6
1665162338.132212000 6
1665162338.132212000 6
1665162468.851231000 1
1665162468.852933000 1
1665162468.893058000 1
1665162468.895834000 1
1665162468.897934000 1
1665162468.934410000 1
1665162468.936106000 1
1665162468.937458000 1
1665162468.980481000 1
1665162468.984309000 1
1665162469.142310000 1
1665162469.181286000 6
1665162469.181286000 6
1665162469.183634000 6
1665162469.183634000 6
1665162469.185086000 6
1665162469.185086000 6
1665162469.221312000 6
1665162469.221312000 6
1665162469.222734000 6
1665162469.222734000 6
1665162469.225836000 6
1665162469.225836000 6
1665162469.262610000 6
1665162469.262610000 6
1665162469.264009000 6
1665162469.264009000 6
1665162469.269089000 6
1665162469.269089000 6
1665162469.304462000 6
1665162469.304462000 6
1665162469.309509000 6
1665162469.309509000 6
1665162469.315133000 6
1665162469.315133000 6
1665162469.346984000 6
1665162469.346984000 6
1665162469.348460000 6
1665162469.348460000 6
1665162469.386608000 6
1665162469.386608000 6
1665162469.388413000 6
1665162469.388413000 6
1665162469.391182000 6
1665162469.391182000 6
1665162469.512986000 6
1665162469.512986000 6
1665162469.514562000 6
1665162469.514562000 6
1665162600.261166000 1
1665162600.292190000 1
1665162600.295816000 1
1665162600.297169000 1
1665162600.332342000 1
1665162600.334739000 1
1665162600.336114000 1
1665162600.375916000 1
1665162600.382893000 1
1665162600.387518000 1
1665162600.496147000 6
1665162600.496147000 6
1665162600.578021000 6
1665162600.578021000 6
1665162600.579544000 6
1665162600.579544000 6
1665162600.582443000 6
1665162600.582443000 6
1665162600.620296000 6
1665162600.620296000 6
1665162600.623646000 6
1665162600.623646000 6
1665162600.660698000 6
1665162600.660698000 6
1665162600.663022000 6
1665162600.663022000 6
1665162600.664944000 6
1665162600.664944000 6
1665162600.699900000 6
1665162600.699900000 6
1665162600.701324000 6
1665162600.701324000 6
1665162600.703742000 6
1665162600.703742000 6
1665162600.743367000 6
1665162600.743367000 6
1665162600.744699000 6
1665162600.744699000 6
1665162600.784272000 6
1665162600.784272000 6
1665162600.787469000 6
1665162600.787469000 6
1665162731.621780000 1
1665162731.623297000 1
1665162731.624680000 1
1665162731.662281000 1
1665162731.663728000 1
1665162731.665156000 1
1665162731.704531000 1
1665162731.707558000 1
1665162731.743726000 1
1665162731.745204000 1
1665162731.748125000 1
1665162731.793155000 1
1665162731.872227000 1
1665162731.917355000 6
1665162731.917355000 6
1665162731.951480000 6
1665162731.951480000 6
1665162731.954706000 6
1665162731.954706000 6
1665162731.990558000 6
1665162731.990558000 6
1665162731.992108000 1
1665162731.992127000 6
1665162731.992127000 6
1665162731.993558000 6
1665162731.993558000 6
1665162732.034511000 6
1665162732.034511000 6
1665162732.035910000 6
1665162732.035910000 6
1665162732.039856000 6
1665162732.039856000 6
1665162732.073712000 6
1665162732.073712000 6
1665162732.075684000 6
1665162732.075684000 6
1665162732.076996000 6
1665162732.076996000 6
1665162732.118982000 6
1665162732.118982000 6
1665162732.121028000 6
1665162732.121028000 6
1665162732.154266000 6
1665162732.154266000 6
1665162732.161128000 6
1665162732.161128000 6
1665162863.000274000 1
1665162863.003375000 1
1665162863.005345000 1
1665162863.040524000 1
1665162863.041947000 1
1665162863.044077000 1
1665162863.082523000 1
1665162863.084000000 1
1665162863.127096000 1
1665162863.128422000 1
1665162863.245472000 6
1665162863.245472000 6
1665162863.248901000 6
1665162863.248901000 6
1665162863.331252000 6
1665162863.331252000 6
1665162863.332598000 6
1665162863.332598000 6
1665162863.369849000 6
1665162863.369849000 6
1665162863.371503000 6
1665162863.371503000 6
1665162863.373151000 6
1665162863.373151000 6
1665162863.413451000 6
1665162863.413451000 6
1665162863.416257000 6
1665162863.416257000 6
1665162863.452002000 6
1665162863.452002000 6
1665162863.453401000 6
1665162863.453401000 6
1665162863.455599000 6
1665162863.455599000 6
1665162863.494100000 6
1665162863.494100000 6
1665162863.495503000 6
1665162863.495503000 6
1665162863.533076000 6
1665162863.533076000 6
1665162863.534475000 6
1665162863.534475000 6
1665162863.536348000 6
1665162863.536348000 6
1665162863.617199000 6
1665162863.617199000 6
1665162994.375121000 1
1665162994.376944000 1
1665162994.378213000 1
1665162994.415145000 1
1665162994.417915000 1
1665162994.420270000 1
1665162994.460591000 1
1665162994.538721000 1
1665162994.580794000 1
1665162994.702874000 6
1665162994.702874000 6
1665162994.704420000 6
1665162994.704420000 6
1665162994.743070000 6
1665162994.743070000 6
1665162994.744499000 6
1665162994.744499000 6
1665162994.746923000 6
1665162994.746923000 6
1665162994.784702000 6
1665162994.784702000 6
1665162994.786125000 6
1665162994.786125000 6
1665162994.788795000 6
1665162994.788795000 6
1665162994.829548000 6
1665162994.829548000 6
1665162994.831458000 6
1665162994.831458000 6
1665162994.832797000 6
1665162994.832797000 6
1665162994.867322000 6
1665162994.867322000 6
1665162994.871447000 6
1665162994.871447000 6
1665162994.907615000 6
1665162994.907615000 6
1665162994.909040000 6
1665162994.909040000 6
1665162994.950823000 6
1665162994.950823000 6
1665163125.764785000 1
1665163125.766269000 1
1665163125.768869000 1
1665163125.802244000 1
1665163125.803667000 1
1665163125.805417000 1
1665163125.845878000 1
1665163125.847270000 1
1665163125.848620000 1
1665163125.883787000 1
1665163125.886496000 1
1665163125.888787000 1
1665163126.009068000 1
1665163126.010499000 6
1665163126.010499000 6
1665163126.090820000 6
1665163126.090820000 6
1665163126.092248000 6
1665163126.092248000 6
1665163126.094206000 6
1665163126.094206000 6
1665163126.131469000 6
1665163126.131469000 6
1665163126.132896000 6
1665163126.132896000 6
1665163126.134247000 6
1665163126.134247000 6
1665163126.173127000 6
1665163126.173127000 6
1665163126.174545000 6
1665163126.174545000 6
1665163126.180594000 6
1665163126.180594000 6
1665163126.219344000 6
1665163126.219344000 6
1665163126.220846000 6
1665163126.220846000 6
1665163126.225048000 6
1665163126.225048000 6
1665163126.256296000 6
1665163126.256296000 6
1665163126.257695000 6
1665163126.257695000 6
1665163126.296023000 6
1665163126.296023000 6
1665163126.297444000 6
1665163126.297444000 6
1665163126.299197000 6
1665163126.299197000 6
1665163126.378594000 6
1665163126.378594000 6
1665163126.430373000 6
1665163126.430373000 6
1665163257.136395000 1
1665163257.137738000 1
1665163257.140138000 1
1665163257.175942000 1
1665163257.179442000 1
1665163257.219918000 1
1665163257.223496000 1
1665163257.257770000 1
1665163257.388195000 6
1665163257.388195000 6
1665163257.465297000 6
1665163257.465297000 6
1665163257.468094000 6
1665163257.468094000 6
1665163257.469390000 6
1665163257.469390000 6
1665163257.505673000 6
1665163257.505673000 6
1665163257.507071000 6
1665163257.507071000 6
1665163257.510547000 6
1665163257.510547000 6
1665163257.547326000 6
1665163257.547326000 6
1665163257.548755000 6
1665163257.548755000 6
1665163257.555548000 6
1665163257.555548000 6
1665163257.600735000 6
1665163257.600735000 6
1665163257.604470000 6
1665163257.604470000 6
1665163257.605807000 6
1665163257.605807000 6
1665163257.628625000 6
1665163257.628625000 6
1665163257.630049000 6
1665163257.630049000 6
1665163257.635922000 6
1665163257.635922000 6
1665163257.669173000 6
1665163257.669173000 6
1665163257.670596000 6
1665163257.670596000 6
1665163257.672251000 6
1665163257.672251000 6
