1665159696.756031000 1
1665159696.794831000 1
1665159696.796253000 1
1665159696.921107000 6
1665159696.921107000 6
1665159696.922981000 6
1665159696.922981000 6
1665159697.000909000 6
1665159697.000909000 6
1665159697.002413000 6
1665159697.002413000 6
1665159697.004035000 6
1665159697.004035000 6
1665159697.041256000 6
1665159697.041256000 6
1665159697.042683000 6
1665159697.042683000 6
1665159697.044131000 6
1665159697.044131000 6
1665159697.083659000 6
1665159697.083659000 6
1665159697.085659000 6
1665159697.085659000 6
1665159697.087484000 6
1665159697.087484000 6
1665159697.125309000 6
1665159697.125309000 6
1665159697.126660000 6
1665159697.126660000 6
1665159697.166733000 6
1665159697.166733000 6
1665159697.168231000 6
1665159697.168231000 6
1665159697.169659000 6
1665159697.169659000 6
1665159697.208108000 6
1665159697.208108000 6
1665159697.209457000 6
1665159697.209457000 6
1665159697.370208000 6
1665159697.370208000 6
1665159697.371612000 6
1665159697.371612000 6
1665159704.557243000 1
1665159704.558695000 1
1665159704.560844000 1
1665159704.597768000 1
1665159704.599196000 1
1665159704.601469000 1
1665159704.679495000 1
1665159704.680917000 1
1665159704.682720000 1
1665159704.724696000 1
1665159704.848472000 6
1665159704.848472000 6
1665159704.887271000 6
1665159704.887271000 6
1665159704.888699000 6
1665159704.888699000 6
1665159704.890199000 6
1665159704.890199000 6
1665159704.928448000 6
1665159704.928448000 6
1665159704.930445000 6
1665159704.930445000 6
1665159704.932322000 6
1665159704.932322000 6
1665159704.970098000 6
1665159704.970098000 6
1665159704.971499000 6
1665159704.971499000 6
1665159704.973724000 6
1665159704.973724000 6
1665159705.012199000 6
1665159705.012199000 6
1665159705.021200000 6
1665159705.021200000 6
1665159705.022520000 6
1665159705.022520000 6
1665159705.051073000 6
1665159705.051073000 6
1665159705.052498000 6
1665159705.052498000 6
1665159705.054182000 6
1665159705.054182000 6
1665159705.090449000 6
1665159705.090449000 6
1665159705.091873000 6
1665159705.091873000 6
1665159705.093953000 6
1665159705.093953000 6
1665159705.173147000 6
1665159705.173147000 6
1665159715.929573000 1
1665159715.931502000 1
1665159715.934350000 1
1665159715.969753000 1
1665159715.971151000 1
1665159715.978324000 1
1665159716.012152000 1
1665159716.052576000 1
1665159716.054225000 1
1665159716.055552000 1
1665159716.220929000 6
1665159716.220929000 6
1665159716.258227000 6
1665159716.258227000 6
1665159716.259631000 6
1665159716.259631000 6
1665159716.298131000 6
1665159716.298131000 6
1665159716.300780000 6
1665159716.300780000 6
1665159716.302630000 6
1665159716.302630000 6
1665159716.340928000 6
1665159716.340928000 6
1665159716.345256000 6
1665159716.345256000 6
1665159716.387256000 6
1665159716.387256000 6
1665159716.388680000 6
1665159716.388680000 6
1665159716.393154000 6
1665159716.393154000 6
1665159716.422781000 6
1665159716.422781000 6
1665159716.424203000 6
1665159716.424203000 6
1665159716.462353000 6
1665159716.462353000 6
1665159716.463756000 6
1665159716.463756000 6
1665159716.465604000 6
1665159716.465604000 6
1665159735.303897000 1
1665159735.312848000 1
1665159735.338975000 1
1665159735.340397000 1
1665159735.342373000 1
1665159735.384399000 1
1665159735.385999000 1
1665159735.421226000 1
1665159735.422625000 1
1665159735.424350000 1
1665159735.546298000 6
1665159735.546298000 6
1665159735.629295000 6
1665159735.629295000 6
1665159735.630751000 6
1665159735.630751000 6
1665159735.632670000 6
1665159735.632670000 6
1665159735.670027000 6
1665159735.670027000 6
1665159735.671604000 6
1665159735.671604000 6
1665159735.672923000 6
1665159735.672923000 6
1665159735.710800000 6
1665159735.710800000 6
1665159735.713126000 6
1665159735.713126000 6
1665159735.765357000 1
1665159735.765376000 6
1665159735.765376000 6
1665159735.768882000 1
1665159735.768900000 6
1665159735.768900000 6
1665159735.770229000 6
1665159735.770229000 6
1665159735.796603000 6
1665159735.796603000 6
1665159735.798552000 6
1665159735.798552000 6
1665159735.835550000 6
1665159735.835550000 6
1665159735.837525000 6
1665159735.837525000 6
1665159735.877075000 6
1665159735.877075000 6
1665159770.647324000 1
1665159770.649401000 1
1665159770.650775000 1
1665159770.686972000 1
1665159770.688401000 1
1665159770.690346000 1
1665159770.728525000 1
1665159770.729924000 1
1665159770.731622000 1
1665159770.769204000 1
1665159770.770622000 1
1665159770.772075000 1
1665159770.934663000 6
1665159770.934663000 6
1665159770.974850000 6
1665159770.974850000 6
1665159770.976279000 6
1665159770.976279000 6
1665159770.977826000 6
1665159770.977826000 6
1665159771.015553000 6
1665159771.015553000 6
1665159771.017403000 6
1665159771.017403000 6
1665159771.018749000 6
1665159771.018749000 6
1665159771.056528000 6
1665159771.056528000 6
1665159771.059077000 6
1665159771.059077000 6
1665159771.061876000 6
1665159771.061876000 6
1665159771.096953000 6
1665159771.096953000 6
1665159771.098376000 6
1665159771.098376000 6
1665159771.101060000 6
1665159771.101060000 6
1665159771.138334000 6
1665159771.138334000 6
1665159771.140327000 6
1665159771.140327000 6
1665159771.141654000 6
1665159771.141654000 6
1665159771.178904000 6
1665159771.178904000 6
1665159771.180531000 6
1665159771.180531000 6
1665159771.181877000 6
1665159771.181877000 6
1665159837.970611000 1
1665159837.972011000 1
1665159837.974410000 1
1665159838.011385000 1
1665159838.013511000 1
1665159838.014832000 1
1665159838.055487000 1
1665159838.094439000 1
1665159838.095863000 1
1665159838.097410000 1
1665159838.300789000 6
1665159838.300789000 6
1665159838.302240000 6
1665159838.302240000 6
1665159838.306247000 6
1665159838.306247000 6
1665159838.343839000 6
1665159838.343839000 6
1665159838.345963000 6
1665159838.345963000 6
1665159838.383740000 6
1665159838.383740000 6
1665159838.385140000 6
1665159838.385140000 6
1665159838.388835000 6
1665159838.388835000 6
1665159838.425434000 6
1665159838.425434000 6
1665159838.426914000 6
1665159838.426914000 6
1665159838.429144000 1
1665159838.429163000 6
1665159838.429163000 6
1665159838.466390000 6
1665159838.466390000 6
1665159838.467812000 6
1665159838.467812000 6
1665159838.470088000 6
1665159838.470088000 6
1665159838.506271000 6
1665159838.506271000 6
1665159838.507743000 6
1665159838.507743000 6
1665159838.631815000 6
1665159838.631815000 6
1665159969.359813000 1
1665159969.363429000 1
1665159969.366179000 1
1665159969.400539000 1
1665159969.402460000 1
1665159969.403813000 1
1665159969.441638000 1
1665159969.443064000 1
1665159969.482271000 1
1665159969.607066000 6
1665159969.607066000 6
1665159969.647266000 6
1665159969.647266000 6
1665159969.687588000 6
1665159969.687588000 6
1665159969.688977000 6
1665159969.688977000 6
1665159969.690838000 6
1665159969.690838000 6
1665159969.729902000 6
1665159969.729902000 6
1665159969.732142000 6
1665159969.732142000 6
1665159969.769875000 6
1665159969.769875000 6
1665159969.771316000 6
1665159969.771316000 6
1665159969.773614000 6
1665159969.773614000 6
1665159969.811739000 6
1665159969.811739000 6
1665159969.813166000 6
1665159969.813166000 6
1665159969.814494000 6
1665159969.814494000 6
1665159969.852613000 6
1665159969.852613000 6
1665159969.854192000 6
1665159969.854192000 6
1665159969.855815000 6
1665159969.855815000 6
1665159969.892988000 6
1665159969.892988000 6
1665159969.894465000 6
1665159969.894465000 6
1665159969.895943000 6
1665159969.895943000 6
1665160100.736735000 1
1665160100.741236000 1
1665160100.743437000 1
1665160100.777135000 1
1665160100.778561000 1
1665160100.819009000 1
1665160100.820359000 1
1665160100.821760000 1
1665160100.859361000 1
1665160100.984214000 6
1665160100.984214000 6
1665160101.065761000 6
1665160101.065761000 6
1665160101.067192000 6
1665160101.067192000 6
1665160101.068970000 6
1665160101.068970000 6
1665160101.107989000 6
1665160101.107989000 6
1665160101.109542000 6
1665160101.109542000 6
1665160101.160690000 6
1665160101.160690000 6
1665160101.163315000 6
1665160101.163315000 6
1665160101.164638000 6
1665160101.164638000 6
1665160101.194817000 6
1665160101.194817000 6
1665160101.196365000 6
1665160101.196365000 6
1665160101.197692000 6
1665160101.197692000 6
1665160101.231942000 6
1665160101.231942000 6
1665160101.233614000 6
1665160101.233614000 6
1665160101.234941000 6
1665160101.234941000 6
1665160101.273318000 6
1665160101.273318000 6
1665160101.275467000 6
1665160101.275467000 6
1665160101.276799000 6
1665160101.276799000 6
1665160232.115811000 1
1665160232.117840000 1
1665160232.119187000 1
1665160232.156585000 1
1665160232.157954000 1
1665160232.159335000 1
1665160232.201211000 1
1665160232.202562000 1
1665160232.239186000 1
1665160232.241961000 1
1665160232.405940000 6
1665160232.405940000 6
1665160232.444439000 6
1665160232.444439000 6
1665160232.484339000 6
1665160232.484339000 6
1665160232.485762000 6
1665160232.485762000 6
1665160232.488238000 6
1665160232.488238000 6
1665160232.526036000 6
1665160232.526036000 6
1665160232.527442000 6
1665160232.527442000 6
1665160232.529191000 6
1665160232.529191000 6
1665160232.570191000 6
1665160232.570191000 6
1665160232.571589000 6
1665160232.571589000 6
1665160232.573567000 6
1665160232.573567000 6
1665160232.607464000 6
1665160232.607464000 6
1665160232.612842000 6
1665160232.612842000 6
1665160232.614690000 6
1665160232.614690000 6
1665160232.646911000 6
1665160232.646911000 6
1665160232.648786000 6
1665160232.648786000 6
1665160232.650682000 6
1665160232.650682000 6
1665160363.495130000 1
1665160363.500254000 1
1665160363.535709000 1
1665160363.537207000 1
1665160363.538504000 1
1665160363.579082000 1
1665160363.580825000 1
1665160363.582208000 1
1665160363.620277000 1
1665160363.622707000 1
1665160363.624028000 1
1665160363.745965000 6
1665160363.745965000 6
1665160363.825157000 6
1665160363.825157000 6
1665160363.826555000 6
1665160363.826555000 6
1665160363.828931000 6
1665160363.828931000 6
1665160363.865710000 6
1665160363.865710000 6
1665160363.867110000 6
1665160363.867110000 6
1665160363.869334000 6
1665160363.869334000 6
1665160363.907431000 6
1665160363.907431000 6
1665160363.909259000 6
1665160363.909259000 6
1665160363.910586000 6
1665160363.910586000 6
1665160363.947184000 1
1665160363.947203000 6
1665160363.947203000 6
1665160363.949585000 6
1665160363.949585000 6
1665160363.951782000 6
1665160363.951782000 6
1665160363.989337000 6
1665160363.989337000 6
1665160363.990908000 6
1665160363.990908000 6
1665160363.992234000 6
1665160363.992234000 6
1665160364.029461000 6
1665160364.029461000 6
1665160364.032610000 6
1665160364.032610000 6
1665160364.197656000 1
1665160494.894256000 1
1665160494.896253000 1
1665160494.897558000 1
1665160494.934751000 1
1665160494.936275000 1
1665160494.937780000 6
1665160494.937780000 6
1665160494.937801000 1
1665160494.977321000 1
1665160495.020073000 1
1665160495.182679000 6
1665160495.182679000 6
1665160495.222007000 6
1665160495.222007000 6
1665160495.223428000 6
1665160495.223428000 6
1665160495.225724000 6
1665160495.225724000 6
1665160495.262934000 6
1665160495.262934000 6
1665160495.266979000 6
1665160495.266979000 6
1665160495.304004000 6
1665160495.304004000 6
1665160495.305403000 6
1665160495.305403000 6
1665160495.307004000 6
1665160495.307004000 6
1665160495.348131000 6
1665160495.348131000 6
1665160495.350029000 6
1665160495.350029000 6
1665160495.385629000 6
1665160495.385629000 6
1665160495.388429000 6
1665160495.388429000 6
1665160495.389754000 6
1665160495.389754000 6
1665160495.428654000 6
1665160495.428654000 6
1665160495.558703000 6
1665160495.558703000 6
1665160626.261192000 1
1665160626.262559000 1
1665160626.264644000 1
1665160626.302620000 1
1665160626.304793000 1
1665160626.307091000 1
1665160626.342543000 1
1665160626.343995000 1
1665160626.507469000 6
1665160626.507469000 6
1665160626.589273000 6
1665160626.589273000 6
1665160626.590638000 6
1665160626.590638000 6
1665160626.630595000 6
1665160626.630595000 6
1665160626.632898000 6
1665160626.632898000 6
1665160626.634397000 6
1665160626.634397000 6
1665160626.672195000 6
1665160626.672195000 6
1665160626.673623000 6
1665160626.673623000 6
1665160626.674946000 6
1665160626.674946000 6
1665160626.715322000 6
1665160626.715322000 6
1665160626.717298000 6
1665160626.717298000 6
1665160626.720474000 6
1665160626.720474000 6
1665160626.754921000 6
1665160626.754921000 6
1665160626.756291000 6
1665160626.756291000 6
1665160626.760345000 6
1665160626.760345000 6
1665160626.795570000 6
1665160626.795570000 6
1665160626.796999000 6
1665160626.796999000 6
1665160626.798550000 6
1665160626.798550000 6
1665160757.647138000 1
1665160757.648941000 1
1665160757.648960000 6
1665160757.648960000 6
1665160757.650221000 1
1665160757.687711000 1
1665160757.689139000 1
1665160757.690484000 1
1665160757.730132000 1
1665160757.733538000 1
1665160757.770608000 1
1665160757.774936000 1
1665160757.776288000 1
1665160757.894940000 6
1665160757.894940000 6
1665160757.897362000 6
1665160757.897362000 6
1665160757.976265000 6
1665160757.976265000 6
1665160757.979713000 6
1665160757.979713000 6
1665160758.016940000 6
1665160758.016940000 6
1665160758.018366000 6
1665160758.018366000 6
1665160758.020612000 6
1665160758.020612000 6
1665160758.059391000 6
1665160758.059391000 6
1665160758.061624000 6
1665160758.061624000 6
1665160758.062990000 6
1665160758.062990000 6
1665160758.102902000 6
1665160758.102902000 6
1665160758.104541000 6
1665160758.104541000 6
1665160758.113714000 6
1665160758.113714000 6
1665160758.143965000 6
1665160758.143965000 6
1665160758.145291000 6
1665160758.145291000 6
1665160758.183238000 6
1665160758.183238000 6
1665160758.184642000 6
1665160758.184642000 6
1665160758.226887000 6
1665160758.226887000 6
1665160758.268166000 6
1665160758.268166000 6
1665160889.019148000 1
1665160889.021957000 1
1665160889.023279000 1
1665160889.060172000 1
1665160889.061600000 1
1665160889.066357000 1
1665160889.102148000 1
1665160889.103576000 1
1665160889.142285000 1
1665160889.143750000 1
1665160889.146624000 1
1665160889.223202000 6
1665160889.223202000 6
1665160889.346852000 6
1665160889.346852000 6
1665160889.348274000 6
1665160889.348274000 6
1665160889.351625000 6
1665160889.351625000 6
1665160889.386851000 6
1665160889.386851000 6
1665160889.390203000 6
1665160889.390203000 6
1665160889.391524000 6
1665160889.391524000 6
1665160889.428299000 6
1665160889.428299000 6
1665160889.429647000 6
1665160889.429647000 6
1665160889.431602000 6
1665160889.431602000 6
1665160889.469047000 6
1665160889.469047000 6
1665160889.470403000 6
1665160889.470403000 6
1665160889.472000000 6
1665160889.472000000 6
1665160889.509722000 6
1665160889.509722000 6
1665160889.511299000 6
1665160889.511299000 6
1665160889.513276000 6
1665160889.513276000 6
1665160889.550524000 6
1665160889.550524000 6
1665160889.551923000 6
1665160889.551923000 6
1665160889.553275000 6
1665160889.553275000 6
1665160889.676377000 6
1665160889.676377000 6
1665160889.718102000 6
1665160889.718102000 6
1665161020.392342000 1
1665161020.394342000 1
1665161020.395669000 1
1665161020.433669000 1
1665161020.435094000 1
1665161020.437395000 1
1665161020.475115000 1
1665161020.478442000 1
1665161020.515197000 1
1665161020.516787000 1
1665161020.518794000 1
1665161020.643867000 6
1665161020.643867000 6
1665161020.686392000 6
1665161020.686392000 6
1665161020.723171000 6
1665161020.723171000 6
1665161020.724540000 6
1665161020.724540000 6
1665161020.726494000 6
1665161020.726494000 6
1665161020.763844000 6
1665161020.763844000 6
1665161020.765696000 6
1665161020.765696000 6
1665161020.767321000 6
1665161020.767321000 6
1665161020.805094000 6
1665161020.805094000 6
1665161020.806494000 6
1665161020.806494000 6
1665161020.809672000 6
1665161020.809672000 6
1665161020.845768000 6
1665161020.845768000 6
1665161020.847321000 6
1665161020.847321000 6
1665161020.849393000 6
1665161020.849393000 6
1665161020.886994000 6
1665161020.886994000 6
1665161020.888422000 6
1665161020.888422000 6
1665161020.890324000 6
1665161020.890324000 6
1665161020.928916000 6
1665161020.928916000 6
1665161020.930517000 6
1665161020.930517000 6
1665161021.052547000 6
1665161021.052547000 6
1665161021.053970000 6
1665161021.053970000 6
1665161151.781479000 1
1665161151.783809000 1
1665161151.785166000 1
1665161151.822261000 1
1665161151.823684000 1
1665161151.825708000 1
1665161151.863409000 1
1665161151.864754000 1
1665161151.866606000 1
1665161151.904310000 1
1665161151.907981000 1
1665161152.028984000 6
1665161152.028984000 6
1665161152.068263000 6
1665161152.068263000 6
1665161152.108834000 6
1665161152.108834000 6
1665161152.112811000 6
1665161152.112811000 6
1665161152.114257000 6
1665161152.114257000 6
1665161152.149537000 6
1665161152.149537000 6
1665161152.151638000 6
1665161152.151638000 6
1665161152.153264000 6
1665161152.153264000 6
1665161152.192037000 6
1665161152.192037000 6
1665161152.193465000 6
1665161152.193465000 6
1665161152.195084000 6
1665161152.195084000 6
1665161152.231661000 6
1665161152.231661000 6
1665161152.234763000 6
1665161152.234763000 6
1665161152.236110000 6
1665161152.236110000 6
1665161152.274483000 6
1665161152.274483000 6
1665161152.275938000 6
1665161152.275938000 6
1665161152.278235000 6
1665161152.278235000 6
1665161152.315507000 6
1665161152.315507000 6
1665161152.316888000 6
1665161152.316888000 6
1665161152.318539000 6
1665161152.318539000 6
1665161283.162516000 1
1665161283.164320000 1
1665161283.166166000 1
1665161283.205554000 1
1665161283.207142000 1
1665161283.208993000 1
1665161283.246178000 1
1665161283.248946000 1
1665161283.254188000 1
1665161283.286595000 1
1665161283.292071000 1
1665161283.293393000 1
1665161283.453698000 6
1665161283.453698000 6
1665161283.455022000 6
1665161283.455022000 6
1665161283.494849000 6
1665161283.494849000 6
1665161283.532073000 6
1665161283.532073000 6
1665161283.533502000 6
1665161283.533502000 6
1665161283.535447000 6
1665161283.535447000 6
1665161283.574224000 6
1665161283.574224000 6
1665161283.577245000 6
1665161283.577245000 6
1665161283.580823000 6
1665161283.580823000 6
1665161283.614949000 6
1665161283.614949000 6
1665161283.616348000 6
1665161283.616348000 6
1665161283.618115000 6
1665161283.618115000 6
1665161283.662975000 6
1665161283.662975000 6
1665161283.664403000 6
1665161283.664403000 6
1665161283.701076000 6
1665161283.701076000 6
1665161283.702343000 6
1665161283.702343000 6
1665161414.545280000 1
1665161414.547089000 1
1665161414.549853000 1
1665161414.585604000 1
1665161414.590128000 1
1665161414.591774000 1
1665161414.631353000 1
1665161414.666529000 1
1665161414.800254000 6
1665161414.800254000 6
1665161414.873486000 6
1665161414.873486000 6
1665161414.874903000 6
1665161414.874903000 6
1665161414.876380000 6
1665161414.876380000 6
1665161414.912606000 6
1665161414.912606000 6
1665161414.914029000 6
1665161414.914029000 6
1665161414.915831000 6
1665161414.915831000 6
1665161414.953581000 6
1665161414.953581000 6
1665161414.954949000 6
1665161414.954949000 6
1665161414.956598000 6
1665161414.956598000 6
1665161414.993803000 6
1665161414.993803000 6
1665161414.996106000 6
1665161414.996106000 6
1665161414.997458000 6
1665161414.997458000 6
1665161415.039083000 6
1665161415.039083000 6
1665161415.040506000 6
1665161415.040506000 6
1665161415.081583000 6
1665161415.081583000 6
1665161415.082957000 6
1665161415.082957000 6
1665161415.246511000 6
1665161415.246511000 6
