1665167761.086919000 1
1665167761.086938000 6
1665167761.086938000 6
1665167761.088511000 1
1665167761.088530000 6
1665167761.088530000 6
1665167761.106038000 1
1665167761.108856000 1
1665167761.129169000 1
1665167761.129188000 6
1665167761.129188000 6
1665167761.130562000 1
1665167761.130730000 6
1665167761.130730000 6
1665167761.149106000 1
1665167761.153208000 1
1665167761.154539000 6
1665167761.154539000 6
1665167761.154645000 1
1665167761.174074000 1
1665167761.174093000 6
1665167761.174093000 6
1665167761.190034000 1
1665167761.192065000 1
1665167761.193760000 1
1665167761.233227000 1
1665167761.252376000 6
1665167761.252376000 6
1665167761.253811000 6
1665167761.253811000 6
1665167761.255242000 6
1665167761.255242000 6
1665167761.271763000 6
1665167761.271763000 6
1665167761.273186000 6
1665167761.273186000 6
1665167761.293509000 6
1665167761.293509000 6
1665167761.295069000 6
1665167761.295069000 6
1665167761.296858000 6
1665167761.296858000 6
1665167761.317610000 6
1665167761.317610000 6
1665167761.319212000 6
1665167761.319212000 6
1665167761.320759000 6
1665167761.320759000 6
1665167761.337040000 6
1665167761.337040000 6
1665167761.338351000 1
1665167761.358734000 6
1665167761.358734000 6
1665167761.724912000 1
1665167761.730915000 1
1665167761.732292000 1
1665167761.764737000 1
1665167761.766066000 1
1665167761.805171000 1
1665167761.806561000 1
1665167761.808211000 1
1665167761.845440000 1
1665167761.846860000 1
1665167761.848813000 1
1665167761.887067000 6
1665167761.887067000 6
1665167761.888486000 6
1665167761.888486000 6
1665167762.050131000 6
1665167762.050131000 6
1665167762.051565000 6
1665167762.051565000 6
1665167762.054047000 6
1665167762.054047000 6
1665167762.090240000 6
1665167762.090240000 6
1665167762.091694000 6
1665167762.091694000 6
1665167762.132171000 6
1665167762.132171000 6
1665167762.133567000 6
1665167762.133567000 6
1665167762.135891000 6
1665167762.135891000 6
1665167762.172619000 6
1665167762.172619000 6
1665167762.174740000 6
1665167762.174740000 6
1665167762.176002000 6
1665167762.176002000 6
1665167762.214392000 6
1665167762.214392000 6
1665167762.215819000 6
1665167762.215819000 6
1665167762.217592000 6
1665167762.217592000 6
1665167762.255941000 6
1665167762.255941000 6
1665167762.257303000 6
1665167762.257303000 6
1665167762.258880000 6
1665167762.258880000 6
1665167762.422344000 6
1665167762.422344000 6
1665167762.544923000 6
1665167762.544923000 6
1665167762.546376000 6
1665167762.546376000 6
1665167769.613921000 1
1665167769.615370000 1
1665167769.654925000 1
1665167769.656874000 1
1665167769.658205000 1
1665167769.695976000 1
1665167769.697374000 1
1665167769.698885000 1
1665167769.736045000 1
1665167769.738923000 1
1665167769.740270000 1
1665167769.860437000 6
1665167769.860437000 6
1665167769.940502000 6
1665167769.940502000 6
1665167769.941929000 6
1665167769.941929000 6
1665167769.943375000 6
1665167769.943375000 6
1665167769.980727000 6
1665167769.980727000 6
1665167769.982625000 6
1665167769.982625000 6
1665167769.984077000 6
1665167769.984077000 6
1665167770.021902000 6
1665167770.021902000 6
1665167770.024955000 6
1665167770.024955000 6
1665167770.026605000 6
1665167770.026605000 6
1665167770.079585000 6
1665167770.079585000 6
1665167770.085274000 6
1665167770.085274000 6
1665167770.086735000 6
1665167770.086735000 6
1665167770.110130000 6
1665167770.110130000 6
1665167770.111900000 6
1665167770.111900000 6
1665167770.144552000 6
1665167770.144552000 6
1665167770.146132000 6
1665167770.146132000 6
1665167770.147550000 6
1665167770.147550000 6
1665167780.927526000 1
1665167780.929887000 1
1665167780.931236000 1
1665167780.968172000 1
1665167780.969881000 1
1665167780.974425000 1
1665167781.011509000 1
1665167781.013149000 1
1665167781.050279000 1
1665167781.051701000 1
1665167781.056025000 1
1665167781.091845000 1
1665167781.135977000 1
1665167781.215505000 6
1665167781.215505000 6
1665167781.256007000 6
1665167781.256007000 6
1665167781.257429000 6
1665167781.257429000 6
1665167781.259254000 6
1665167781.259254000 6
1665167781.297330000 6
1665167781.297330000 6
1665167781.299651000 6
1665167781.299651000 6
1665167781.300973000 6
1665167781.300973000 6
1665167781.339479000 6
1665167781.339479000 6
1665167781.341102000 6
1665167781.341102000 6
1665167781.344136000 6
1665167781.344136000 6
1665167781.378055000 6
1665167781.378055000 6
1665167781.383830000 6
1665167781.383830000 6
1665167781.385351000 6
1665167781.385351000 6
1665167781.420284000 6
1665167781.420284000 6
1665167781.421705000 6
1665167781.421705000 6
1665167781.423454000 6
1665167781.423454000 6
1665167781.460632000 6
1665167781.460632000 6
1665167781.462026000 6
1665167781.462026000 6
1665167781.463757000 6
1665167781.463757000 6
1665167800.280866000 1
1665167800.319092000 1
1665167800.323037000 1
1665167800.324593000 1
1665167800.358414000 1
1665167800.362985000 1
1665167800.364807000 1
1665167800.398037000 1
1665167800.399462000 1
1665167800.401349000 1
1665167800.525813000 6
1665167800.525813000 6
1665167800.563044000 6
1665167800.563044000 6
1665167800.566143000 6
1665167800.566143000 6
1665167800.605763000 6
1665167800.605763000 6
1665167800.608265000 6
1665167800.608265000 6
1665167800.609590000 6
1665167800.609590000 6
1665167800.644842000 6
1665167800.644842000 6
1665167800.646241000 6
1665167800.646241000 6
1665167800.647638000 6
1665167800.647638000 6
1665167800.687166000 6
1665167800.687166000 6
1665167800.688615000 6
1665167800.688615000 6
1665167800.690087000 6
1665167800.690087000 6
1665167800.741749000 6
1665167800.741749000 6
1665167800.744164000 6
1665167800.744164000 6
1665167800.745593000 6
1665167800.745593000 6
1665167800.768265000 6
1665167800.768265000 6
1665167800.769687000 6
1665167800.769687000 6
1665167800.771615000 6
1665167800.771615000 6
1665167800.808842000 6
1665167800.808842000 6
1665167800.810282000 6
1665167800.810282000 6
1665167800.811793000 6
1665167800.811793000 6
1665167835.629246000 1
1665167835.633247000 1
1665167835.634591000 1
1665167835.668947000 1
1665167835.670508000 1
1665167835.672496000 1
1665167835.710524000 1
1665167835.711972000 1
1665167835.713544000 1
1665167835.751298000 1
1665167835.752717000 1
1665167835.754254000 1
1665167835.793021000 1
1665167835.795983000 1
1665167835.833275000 1
1665167835.915418000 6
1665167835.915418000 6
1665167835.957754000 6
1665167835.957754000 6
1665167835.959304000 6
1665167835.959304000 6
1665167835.997953000 6
1665167835.997953000 6
1665167836.039530000 6
1665167836.039530000 6
1665167836.040948000 6
1665167836.040948000 6
1665167836.043009000 6
1665167836.043009000 6
1665167836.079552000 6
1665167836.079552000 6
1665167836.081030000 6
1665167836.081030000 6
1665167836.084504000 6
1665167836.084504000 6
1665167836.122905000 6
1665167836.122905000 6
1665167836.124324000 6
1665167836.124324000 6
1665167836.125928000 6
1665167836.125928000 6
1665167836.161151000 6
1665167836.161151000 6
1665167836.162673000 6
1665167836.162673000 6
1665167836.164065000 6
1665167836.164065000 6
1665167836.369340000 6
1665167836.369340000 6
1665167902.950254000 1
1665167902.952725000 1
1665167902.992027000 1
1665167902.993425000 1
1665167902.996853000 1
1665167903.035376000 1
1665167903.036727000 1
1665167903.073302000 1
1665167903.074702000 1
1665167903.277905000 6
1665167903.277905000 6
1665167903.279353000 6
1665167903.279353000 6
1665167903.280706000 6
1665167903.280706000 6
1665167903.317948000 6
1665167903.317948000 6
1665167903.319353000 6
1665167903.319353000 6
1665167903.320730000 6
1665167903.320730000 6
1665167903.363004000 6
1665167903.363004000 6
1665167903.364401000 6
1665167903.364401000 6
1665167903.371928000 6
1665167903.371928000 6
1665167903.411804000 6
1665167903.411804000 6
1665167903.421377000 6
1665167903.421377000 6
1665167903.422731000 6
1665167903.422731000 6
1665167903.448557000 6
1665167903.448557000 6
1665167903.450172000 6
1665167903.450172000 6
1665167903.482356000 6
1665167903.482356000 6
1665167903.483805000 6
1665167903.483805000 6
1665167903.485131000 6
1665167903.485131000 6
1665168034.290616000 1
1665168034.292020000 1
1665168034.293766000 1
1665168034.330563000 1
1665168034.332854000 1
1665168034.334176000 1
1665168034.372487000 1
1665168034.373920000 1
1665168034.412164000 1
1665168034.539116000 6
1665168034.539116000 6
1665168034.575369000 6
1665168034.575369000 6
1665168034.578163000 6
1665168034.578163000 6
1665168034.617620000 6
1665168034.617620000 6
1665168034.619646000 6
1665168034.619646000 6
1665168034.621269000 6
1665168034.621269000 6
1665168034.657521000 6
1665168034.657521000 6
1665168034.658943000 6
1665168034.658943000 6
1665168034.660395000 6
1665168034.660395000 6
1665168034.699193000 6
1665168034.699193000 6
1665168034.700593000 6
1665168034.700593000 6
1665168034.702244000 6
1665168034.702244000 6
1665168034.752445000 6
1665168034.752445000 6
1665168034.757972000 6
1665168034.757972000 6
1665168034.763271000 6
1665168034.763271000 6
1665168034.782743000 6
1665168034.782743000 6
1665168034.784420000 6
1665168034.784420000 6
1665168034.785769000 6
1665168034.785769000 6
1665168034.823148000 6
1665168034.823148000 6
1665168034.824547000 6
1665168034.824547000 6
1665168034.825891000 6
1665168034.825891000 6
1665168034.909238000 6
1665168034.909238000 6
1665168165.560480000 1
1665168165.561894000 1
1665168165.563730000 1
1665168165.601574000 1
1665168165.602984000 1
1665168165.608777000 1
1665168165.645729000 1
1665168165.684484000 1
1665168165.687477000 1
1665168165.728706000 1
1665168165.772802000 1
1665168165.813865000 6
1665168165.813865000 6
1665168165.852485000 6
1665168165.852485000 6
1665168165.892807000 6
1665168165.892807000 6
1665168165.894234000 6
1665168165.894234000 6
1665168165.895605000 6
1665168165.895605000 6
1665168165.932827000 6
1665168165.932827000 6
1665168165.934261000 6
1665168165.934261000 6
1665168165.935536000 6
1665168165.935536000 6
1665168165.974428000 6
1665168165.974428000 6
1665168165.975982000 6
1665168165.975982000 6
1665168165.977303000 6
1665168165.977303000 6
1665168166.014707000 6
1665168166.014707000 6
1665168166.018397000 6
1665168166.018397000 6
1665168166.021057000 6
1665168166.021057000 6
1665168166.057870000 6
1665168166.057870000 6
1665168166.059834000 6
1665168166.059834000 6
1665168166.097804000 6
1665168166.097804000 6
1665168166.099660000 6
1665168166.099660000 6
1665168166.101329000 6
1665168166.101329000 6
1665168296.855189000 1
1665168296.856962000 1
1665168296.858316000 1
1665168296.896188000 1
1665168296.898138000 1
1665168296.899466000 1
1665168296.938639000 1
1665168296.940065000 1
1665168296.942301000 1
1665168296.980469000 1
1665168296.984287000 1
1665168296.985614000 1
1665168297.062867000 1
1665168297.143690000 6
1665168297.143690000 6
1665168297.187990000 6
1665168297.187990000 6
1665168297.189412000 6
1665168297.189412000 6
1665168297.194542000 6
1665168297.194542000 6
1665168297.226943000 6
1665168297.226943000 6
1665168297.228365000 6
1665168297.228365000 6
1665168297.230247000 6
1665168297.230247000 6
1665168297.268346000 6
1665168297.268346000 6
1665168297.270619000 6
1665168297.270619000 6
1665168297.272340000 6
1665168297.272340000 6
1665168297.311518000 6
1665168297.311518000 6
1665168297.312946000 6
1665168297.312946000 6
1665168297.315598000 6
1665168297.315598000 6
1665168297.357390000 6
1665168297.357390000 6
1665168297.358841000 6
1665168297.358841000 6
1665168297.362643000 6
1665168297.362643000 6
1665168297.393969000 6
1665168297.393969000 6
1665168428.129970000 1
1665168428.132045000 1
1665168428.133397000 1
1665168428.168822000 1
1665168428.172022000 1
1665168428.173485000 1
1665168428.210288000 1
1665168428.212993000 1
1665168428.214346000 1
1665168428.250621000 1
1665168428.252072000 1
1665168428.377048000 6
1665168428.377048000 6
1665168428.459428000 6
1665168428.459428000 6
1665168428.461202000 6
1665168428.461202000 6
1665168428.495429000 6
1665168428.495429000 6
1665168428.497173000 6
1665168428.497173000 6
1665168428.498529000 6
1665168428.498529000 6
1665168428.537304000 6
1665168428.537304000 6
1665168428.538698000 6
1665168428.538698000 6
1665168428.543224000 6
1665168428.543224000 6
1665168428.583698000 6
1665168428.583698000 6
1665168428.586181000 6
1665168428.586181000 6
1665168428.587529000 6
1665168428.587529000 6
1665168428.619362000 6
1665168428.619362000 6
1665168428.620763000 6
1665168428.620763000 6
1665168428.622528000 6
1665168428.622528000 6
1665168428.660379000 6
1665168428.660379000 6
1665168428.661873000 6
1665168428.661873000 6
1665168428.663223000 6
1665168428.663223000 6
1665168559.445207000 1
1665168559.448077000 1
1665168559.449428000 1
1665168559.485380000 1
1665168559.487579000 1
1665168559.489277000 1
1665168559.527180000 1
1665168559.528606000 1
1665168559.530356000 1
1665168559.567609000 1
1665168559.568967000 1
1665168559.693768000 6
1665168559.693768000 6
1665168559.731058000 6
1665168559.731058000 6
1665168559.732510000 6
1665168559.732510000 6
1665168559.736261000 6
1665168559.736261000 6
1665168559.773079000 6
1665168559.773079000 6
1665168559.774485000 6
1665168559.774485000 6
1665168559.776205000 6
1665168559.776205000 6
1665168559.813456000 6
1665168559.813456000 6
1665168559.814895000 6
1665168559.814895000 6
1665168559.816609000 6
1665168559.816609000 6
1665168559.855393000 6
1665168559.855393000 6
1665168559.856807000 6
1665168559.856807000 6
1665168559.858126000 6
1665168559.858126000 6
1665168559.895313000 6
1665168559.895313000 6
1665168559.898086000 6
1665168559.898086000 6
1665168559.899608000 6
1665168559.899608000 6
1665168559.936908000 6
1665168559.936908000 6
1665168559.938307000 6
1665168559.938307000 6
1665168559.977886000 6
1665168559.977886000 6
1665168559.979309000 6
1665168559.979309000 6
1665168559.981991000 6
1665168559.981991000 6
1665168690.872775000 1
1665168690.875314000 1
1665168690.876633000 1
1665168690.913534000 1
1665168690.914947000 1
1665168690.917609000 1
1665168690.955964000 1
1665168690.958314000 1
1665168690.996011000 1
1665168690.997514000 1
1665168690.999290000 1
1665168691.201393000 6
1665168691.201393000 6
1665168691.202819000 6
1665168691.202819000 6
1665168691.205894000 6
1665168691.205894000 6
1665168691.241162000 6
1665168691.241162000 6
1665168691.242568000 6
1665168691.242568000 6
1665168691.245040000 6
1665168691.245040000 6
1665168691.282844000 6
1665168691.282844000 6
1665168691.284441000 6
1665168691.284441000 6
1665168691.286222000 6
1665168691.286222000 6
1665168691.323168000 6
1665168691.323168000 6
1665168691.325039000 6
1665168691.325039000 6
1665168691.326392000 6
1665168691.326392000 6
1665168691.366370000 6
1665168691.366370000 6
1665168691.367913000 6
1665168691.367913000 6
1665168691.369177000 6
1665168691.369177000 6
1665168691.406316000 6
1665168691.406316000 6
1665168691.408139000 6
1665168691.408139000 6
1665168691.409891000 6
1665168691.409891000 6
1665168822.199942000 1
1665168822.201303000 1
1665168822.203215000 1
1665168822.240241000 1
1665168822.241667000 1
1665168822.243154000 1
1665168822.284994000 1
1665168822.288215000 1
1665168822.321443000 1
1665168822.324441000 1
1665168822.407598000 1
1665168822.446694000 6
1665168822.446694000 6
1665168822.529149000 6
1665168822.529149000 6
1665168822.531100000 6
1665168822.531100000 6
1665168822.532449000 6
1665168822.532449000 6
1665168822.568697000 6
1665168822.568697000 6
1665168822.570111000 6
1665168822.570111000 6
1665168822.571449000 6
1665168822.571449000 6
1665168822.615022000 6
1665168822.615022000 6
1665168822.616650000 6
1665168822.616650000 6
1665168822.617999000 6
1665168822.617999000 6
1665168822.650375000 6
1665168822.650375000 6
1665168822.651774000 6
1665168822.651774000 6
1665168822.654427000 6
1665168822.654427000 6
1665168822.694221000 6
1665168822.694221000 6
1665168822.695652000 6
1665168822.695652000 6
1665168822.697570000 6
1665168822.697570000 6
1665168822.733951000 6
1665168822.733951000 6
1665168822.735369000 6
1665168822.735369000 6
1665168822.737470000 6
1665168822.737470000 6
1665168953.578978000 1
1665168953.580449000 1
1665168953.583000000 1
1665168953.619129000 1
1665168953.620524000 1
1665168953.624197000 1
1665168953.660229000 1
1665168953.661626000 1
1665168953.663501000 1
1665168953.700725000 1
1665168953.702182000 1
1665168953.703937000 1
1665168953.745074000 1
1665168953.784375000 1
1665168953.826359000 6
1665168953.826359000 6
1665168953.867380000 6
1665168953.867380000 6
1665168953.905178000 6
1665168953.905178000 6
1665168953.906762000 6
1665168953.906762000 6
1665168953.909231000 6
1665168953.909231000 6
1665168953.948951000 6
1665168953.948951000 6
1665168953.987732000 6
1665168953.987732000 6
1665168953.989150000 6
1665168953.989150000 6
1665168953.991525000 6
1665168953.991525000 6
1665168954.034904000 6
1665168954.034904000 6
1665168954.036253000 6
1665168954.036253000 6
1665168954.072156000 6
1665168954.072156000 6
1665168954.073554000 6
1665168954.073554000 6
1665168954.111554000 6
1665168954.111554000 6
1665168954.112949000 6
1665168954.112949000 6
1665168954.114779000 6
1665168954.114779000 6
1665169084.958435000 1
1665169084.960657000 1
1665169084.962008000 1
1665169084.997857000 1
1665169084.999282000 1
1665169085.000708000 1
1665169085.040336000 1
1665169085.041757000 1
1665169085.043505000 1
1665169085.080734000 1
1665169085.165537000 1
1665169085.207386000 6
1665169085.207386000 6
1665169085.208760000 6
1665169085.208760000 6
1665169085.250311000 6
1665169085.250311000 6
1665169085.287110000 6
1665169085.287110000 6
1665169085.288536000 6
1665169085.288536000 6
1665169085.290396000 6
1665169085.290396000 6
1665169085.327835000 6
1665169085.327835000 6
1665169085.329687000 6
1665169085.329687000 6
1665169085.331360000 6
1665169085.331360000 6
1665169085.370162000 6
1665169085.370162000 6
1665169085.371757000 6
1665169085.371757000 6
1665169085.373111000 6
1665169085.373111000 6
1665169085.410413000 6
1665169085.410413000 6
1665169085.411809000 6
1665169085.411809000 6
1665169085.417289000 6
1665169085.417289000 6
1665169085.452546000 6
1665169085.452546000 6
1665169085.454086000 6
1665169085.454086000 6
1665169085.455457000 6
1665169085.455457000 6
1665169085.493010000 6
1665169085.493010000 6
1665169085.494444000 6
1665169085.494444000 6
1665169085.496111000 6
1665169085.496111000 6
1665169216.342679000 1
1665169216.344422000 1
1665169216.345777000 1
1665169216.384639000 1
1665169216.386929000 1
1665169216.388250000 1
1665169216.424352000 1
1665169216.425774000 1
1665169216.427556000 1
1665169216.464775000 1
1665169216.466208000 1
1665169216.468026000 1
1665169216.548831000 1
1665169216.590832000 6
1665169216.590832000 6
1665169216.593859000 6
1665169216.593859000 6
1665169216.670404000 6
1665169216.670404000 6
1665169216.672153000 6
1665169216.672153000 6
1665169216.673642000 6
1665169216.673642000 6
1665169216.712360000 6
1665169216.712360000 6
1665169216.715307000 6
1665169216.715307000 6
1665169216.753257000 6
1665169216.753257000 6
1665169216.754710000 6
1665169216.754710000 6
1665169216.756606000 6
1665169216.756606000 6
1665169216.794208000 6
1665169216.794208000 6
1665169216.795630000 6
1665169216.795630000 6
1665169216.835630000 6
1665169216.835630000 6
1665169216.837060000 6
1665169216.837060000 6
1665169216.838383000 6
1665169216.838383000 6
1665169216.877459000 6
1665169216.877459000 6
1665169216.878745000 6
1665169216.878745000 6
1665169217.041530000 1
1665169347.722506000 1
1665169347.724657000 1
1665169347.726757000 1
1665169347.762959000 1
1665169347.764358000 1
1665169347.766089000 1
1665169347.805836000 1
1665169347.808757000 1
1665169347.847370000 1
1665169347.849233000 1
1665169347.850589000 1
1665169347.971266000 6
1665169347.971266000 6
1665169348.017165000 6
1665169348.017165000 6
1665169348.053903000 6
1665169348.053903000 6
1665169348.055385000 6
1665169348.055385000 6
1665169348.057465000 6
1665169348.057465000 6
1665169348.093712000 6
1665169348.093712000 6
1665169348.095140000 6
1665169348.095140000 6
1665169348.096789000 6
1665169348.096789000 6
1665169348.138261000 6
1665169348.138261000 6
1665169348.140487000 6
1665169348.140487000 6
1665169348.141807000 6
1665169348.141807000 6
1665169348.175409000 6
1665169348.175409000 6
1665169348.176837000 6
1665169348.176837000 6
1665169348.178613000 6
1665169348.178613000 6
1665169348.218717000 6
1665169348.218717000 6
1665169348.221864000 6
1665169348.221864000 6
1665169348.223184000 6
1665169348.223184000 6
1665169348.258467000 6
1665169348.258467000 6
1665169348.259801000 6
1665169348.259801000 6
1665169348.261868000 6
1665169348.261868000 6
1665169479.105276000 1
1665169479.107499000 1
1665169479.108875000 1
1665169479.144873000 1
1665169479.146273000 1
1665169479.148898000 1
1665169479.190075000 1
1665169479.227001000 1
1665169479.229126000 1
1665169479.230499000 1
1665169479.309975000 1
1665169479.393801000 6
1665169479.393801000 6
1665169479.434203000 6
1665169479.434203000 6
1665169479.437574000 6
1665169479.437574000 6
1665169479.476131000 6
1665169479.476131000 6
1665169479.477882000 6
1665169479.477882000 6
1665169479.479222000 6
1665169479.479222000 6
1665169479.517872000 6
1665169479.517872000 6
1665169479.521279000 6
1665169479.521279000 6
1665169479.522630000 6
1665169479.522630000 6
1665169479.559199000 6
1665169479.559199000 6
1665169479.560975000 6
1665169479.560975000 6
1665169479.562248000 6
1665169479.562248000 6
1665169479.598829000 6
1665169479.598829000 6
1665169479.600224000 6
1665169479.600224000 6
1665169479.602218000 6
1665169479.602218000 6
1665169479.639700000 6
1665169479.639700000 6
1665169479.641130000 6
1665169479.641130000 6
1665169479.643468000 6
1665169479.643468000 6
1665169610.493762000 1
1665169610.495702000 1
1665169610.497512000 1
1665169610.534087000 1
1665169610.535455000 1
1665169610.538010000 1
1665169610.575370000 1
1665169610.578822000 1
1665169610.622996000 1
1665169610.745472000 6
1665169610.745472000 6
1665169610.780572000 6
1665169610.780572000 6
1665169610.782900000 6
1665169610.782900000 6
1665169610.822042000 6
1665169610.822042000 6
1665169610.823450000 6
1665169610.823450000 6
1665169610.825126000 6
1665169610.825126000 6
1665169610.862075000 6
1665169610.862075000 6
1665169610.865048000 6
1665169610.865048000 6
1665169610.866497000 6
1665169610.866497000 6
1665169610.909701000 6
1665169610.909701000 6
1665169610.911849000 6
1665169610.911849000 6
1665169610.915824000 6
1665169610.915824000 6
1665169610.947500000 6
1665169610.947500000 6
1665169610.949898000 6
1665169610.949898000 6
1665169610.951348000 6
1665169610.951348000 6
1665169610.987350000 6
1665169610.987350000 6
1665169610.989181000 6
1665169610.989181000 6
1665169610.990524000 6
1665169610.990524000 6
1665169611.031602000 6
1665169611.031602000 6
1665169611.033400000 6
1665169611.033400000 6
1665169611.034753000 6
1665169611.034753000 6
