1665163359.952712000 6
1665163359.954539000 6
1665163359.954539000 6
1665163359.956429000 6
1665163359.956429000 6
1665163359.992689000 6
1665163359.992689000 6
1665163359.994115000 6
1665163359.994115000 6
1665163359.995516000 6
1665163359.995516000 6
1665163360.050891000 6
1665163360.050891000 6
1665163360.052235000 6
1665163360.052235000 6
1665163360.053710000 6
1665163360.053710000 6
1665163360.080540000 6
1665163360.080540000 6
1665163360.081970000 6
1665163360.081970000 6
1665163360.083859000 6
1665163360.083859000 6
1665163360.116384000 6
1665163360.116384000 6
1665163360.117862000 6
1665163360.117862000 6
1665163360.119711000 6
1665163360.119711000 6
1665163360.157132000 6
1665163360.157132000 6
1665163360.158534000 6
1665163360.158534000 6
1665163360.160317000 6
1665163360.160317000 6
1665163363.152425000 1
1665163363.154096000 1
1665163363.155767000 1
1665163363.193424000 1
1665163363.194791000 1
1665163363.196317000 1
1665163363.235622000 1
1665163363.237221000 1
1665163363.275972000 1
1665163363.278129000 1
1665163363.279652000 1
1665163363.482569000 6
1665163363.482569000 6
1665163363.484986000 6
1665163363.484986000 6
1665163363.487028000 6
1665163363.487028000 6
1665163363.522251000 6
1665163363.522251000 6
1665163363.526154000 6
1665163363.526154000 6
1665163363.563951000 6
1665163363.563951000 6
1665163363.565647000 6
1665163363.565647000 6
1665163363.603695000 6
1665163363.603695000 6
1665163363.605476000 6
1665163363.605476000 6
1665163363.608929000 6
1665163363.608929000 6
1665163363.645727000 6
1665163363.645727000 6
1665163363.647123000 6
1665163363.647123000 6
1665163363.648578000 6
1665163363.648578000 6
1665163363.685805000 6
1665163363.685805000 6
1665163363.687572000 6
1665163363.687572000 6
1665163363.689103000 6
1665163363.689103000 6
1665163371.024204000 1
1665163371.025573000 1
1665163371.027877000 1
1665163371.066151000 1
1665163371.067955000 1
1665163371.069276000 1
1665163371.107729000 1
1665163371.109153000 1
1665163371.149252000 1
1665163371.151229000 1
1665163371.271934000 6
1665163371.271934000 6
1665163371.313877000 6
1665163371.313877000 6
1665163371.352656000 6
1665163371.352656000 6
1665163371.354090000 6
1665163371.354090000 6
1665163371.393257000 6
1665163371.393257000 6
1665163371.395558000 6
1665163371.395558000 6
1665163371.396882000 6
1665163371.396882000 6
1665163371.434657000 6
1665163371.434657000 6
1665163371.436483000 6
1665163371.436483000 6
1665163371.437839000 6
1665163371.437839000 6
1665163371.475358000 6
1665163371.475358000 6
1665163371.476780000 6
1665163371.476780000 6
1665163371.478710000 6
1665163371.478710000 6
1665163371.517935000 6
1665163371.517935000 6
1665163371.519357000 6
1665163371.519357000 6
1665163371.520780000 6
1665163371.520780000 6
1665163371.557981000 6
1665163371.557981000 6
1665163371.559530000 6
1665163371.559530000 6
1665163371.561461000 6
1665163371.561461000 6
1665163382.372872000 1
1665163382.374397000 1
1665163382.375767000 1
1665163382.421016000 1
1665163382.424522000 1
1665163382.426650000 1
1665163382.455195000 1
1665163382.458445000 1
1665163382.494649000 1
1665163382.496071000 1
1665163382.497648000 1
1665163382.618949000 6
1665163382.618949000 6
1665163382.702323000 6
1665163382.702323000 6
1665163382.703727000 6
1665163382.703727000 6
1665163382.740602000 6
1665163382.740602000 6
1665163382.742152000 6
1665163382.742152000 6
1665163382.744227000 6
1665163382.744227000 6
1665163382.783626000 6
1665163382.783626000 6
1665163382.785050000 6
1665163382.785050000 6
1665163382.786727000 6
1665163382.786727000 6
1665163382.822674000 6
1665163382.822674000 6
1665163382.824978000 6
1665163382.824978000 6
1665163382.826257000 6
1665163382.826257000 6
1665163382.864198000 6
1665163382.864198000 6
1665163382.865603000 6
1665163382.865603000 6
1665163382.867103000 6
1665163382.867103000 6
1665163382.904353000 6
1665163382.904353000 6
1665163382.905752000 6
1665163382.905752000 6
1665163401.742520000 1
1665163401.746072000 1
1665163401.782840000 1
1665163401.784519000 1
1665163401.787946000 1
1665163401.825317000 1
1665163401.837074000 1
1665163401.839371000 1
1665163401.865620000 1
1665163401.867019000 1
1665163401.868673000 1
1665163401.990896000 6
1665163401.990896000 6
1665163402.029750000 6
1665163402.029750000 6
1665163402.031351000 6
1665163402.031351000 6
1665163402.072055000 6
1665163402.072055000 6
1665163402.073452000 6
1665163402.073452000 6
1665163402.076792000 6
1665163402.076792000 6
1665163402.112076000 6
1665163402.112076000 6
1665163402.113476000 6
1665163402.113476000 6
1665163402.115273000 6
1665163402.115273000 6
1665163402.154200000 6
1665163402.154200000 6
1665163402.155585000 6
1665163402.155585000 6
1665163402.156975000 6
1665163402.156975000 6
1665163402.193899000 6
1665163402.193899000 6
1665163402.195302000 6
1665163402.195302000 6
1665163402.197647000 6
1665163402.197647000 6
1665163402.237676000 6
1665163402.237676000 6
1665163402.239627000 6
1665163402.239627000 6
1665163402.240975000 6
1665163402.240975000 6
1665163402.276162000 6
1665163402.276162000 6
1665163402.277605000 6
1665163402.277605000 6
1665163402.279025000 6
1665163402.279025000 6
1665163402.401975000 1
1665163437.108476000 1
1665163437.110031000 1
1665163437.111380000 1
1665163437.145435000 1
1665163437.146839000 1
1665163437.152880000 1
1665163437.188335000 1
1665163437.189756000 1
1665163437.191084000 1
1665163437.228337000 1
1665163437.434937000 6
1665163437.434937000 6
1665163437.436360000 6
1665163437.436360000 6
1665163437.437962000 6
1665163437.437962000 6
1665163437.475260000 6
1665163437.475260000 6
1665163437.476710000 6
1665163437.476710000 6
1665163437.478634000 6
1665163437.478634000 6
1665163437.519812000 6
1665163437.519812000 6
1665163437.522033000 6
1665163437.522033000 6
1665163437.558295000 6
1665163437.558295000 6
1665163437.560586000 6
1665163437.560586000 6
1665163437.561873000 6
1665163437.561873000 6
1665163437.600711000 6
1665163437.600711000 6
1665163437.602080000 6
1665163437.602080000 6
1665163437.640884000 6
1665163437.640884000 6
1665163437.642397000 6
1665163437.642397000 6
1665163437.643859000 6
1665163437.643859000 6
1665163437.805314000 6
1665163437.805314000 6
1665163504.429692000 1
1665163504.431117000 1
1665163504.433991000 1
1665163504.469489000 1
1665163504.472092000 1
1665163504.475364000 1
1665163504.511717000 1
1665163504.513060000 1
1665163504.515016000 1
1665163504.553317000 1
1665163504.555164000 1
1665163504.560215000 1
1665163504.681593000 6
1665163504.681593000 6
1665163504.758519000 6
1665163504.758519000 6
1665163504.760320000 6
1665163504.760320000 6
1665163504.762074000 6
1665163504.762074000 6
1665163504.798743000 6
1665163504.798743000 6
1665163504.800196000 6
1665163504.800196000 6
1665163504.801517000 6
1665163504.801517000 6
1665163504.840392000 6
1665163504.840392000 6
1665163504.841993000 6
1665163504.841993000 6
1665163504.843321000 6
1665163504.843321000 6
1665163504.881167000 6
1665163504.881167000 6
1665163504.882921000 6
1665163504.882921000 6
1665163504.884268000 6
1665163504.884268000 6
1665163504.923275000 6
1665163504.923275000 6
1665163504.924946000 6
1665163504.924946000 6
1665163504.926213000 6
1665163504.926213000 6
1665163504.963948000 6
1665163504.963948000 6
1665163504.965368000 6
1665163504.965368000 6
1665163504.966697000 6
1665163504.966697000 6
1665163635.805440000 1
1665163635.808667000 1
1665163635.809995000 1
1665163635.846018000 1
1665163635.850894000 1
1665163635.852221000 1
1665163635.888167000 1
1665163635.891095000 1
1665163635.928322000 1
1665163635.929843000 1
1665163635.931723000 1
1665163636.055448000 6
1665163636.055448000 6
1665163636.098206000 6
1665163636.098206000 6
1665163636.134271000 6
1665163636.134271000 6
1665163636.137247000 6
1665163636.137247000 6
1665163636.142548000 6
1665163636.142548000 6
1665163636.174850000 6
1665163636.174850000 6
1665163636.176270000 6
1665163636.176270000 6
1665163636.216723000 6
1665163636.216723000 6
1665163636.218148000 6
1665163636.218148000 6
1665163636.220795000 6
1665163636.220795000 6
1665163636.263326000 6
1665163636.263326000 6
1665163636.264646000 6
1665163636.264646000 6
1665163636.298410000 6
1665163636.298410000 6
1665163636.300250000 6
1665163636.300250000 6
1665163636.301575000 6
1665163636.301575000 6
1665163636.339578000 6
1665163636.339578000 6
1665163636.345452000 6
1665163636.345452000 6
1665163636.347223000 6
1665163636.347223000 6
1665163767.201192000 1
1665163767.202675000 1
1665163767.204047000 1
1665163767.245898000 1
1665163767.247953000 1
1665163767.249297000 1
1665163767.285492000 1
1665163767.328876000 1
1665163767.332275000 1
1665163767.528705000 6
1665163767.528705000 6
1665163767.530061000 6
1665163767.530061000 6
1665163767.531550000 6
1665163767.531550000 6
1665163767.568751000 6
1665163767.568751000 6
1665163767.570288000 6
1665163767.570288000 6
1665163767.610605000 6
1665163767.610605000 6
1665163767.612027000 6
1665163767.612027000 6
1665163767.613494000 6
1665163767.613494000 6
1665163767.651355000 6
1665163767.651355000 6
1665163767.652787000 6
1665163767.652787000 6
1665163767.655104000 6
1665163767.655104000 6
1665163767.692004000 6
1665163767.692004000 6
1665163767.693404000 6
1665163767.693404000 6
1665163767.695301000 6
1665163767.695301000 6
1665163767.731558000 6
1665163767.731558000 6
1665163767.732956000 6
1665163767.732956000 6
1665163767.734504000 6
1665163767.734504000 6
1665163898.564106000 1
1665163898.565480000 1
1665163898.567458000 1
1665163898.604709000 1
1665163898.606053000 1
1665163898.609303000 1
1665163898.646232000 1
1665163898.647600000 1
1665163898.691030000 1
1665163898.813182000 6
1665163898.813182000 6
1665163898.855257000 6
1665163898.855257000 6
1665163898.894508000 6
1665163898.894508000 6
1665163898.896039000 6
1665163898.896039000 6
1665163898.898883000 6
1665163898.898883000 6
1665163898.936057000 6
1665163898.936057000 6
1665163898.937836000 6
1665163898.937836000 6
1665163898.939158000 6
1665163898.939158000 6
1665163898.976962000 6
1665163898.976962000 6
1665163898.978637000 6
1665163898.978637000 6
1665163898.979984000 6
1665163898.979984000 6
1665163899.016533000 6
1665163899.016533000 6
1665163899.017932000 6
1665163899.017932000 6
1665163899.020336000 6
1665163899.020336000 6
1665163899.058590000 6
1665163899.058590000 6
1665163899.060057000 6
1665163899.060057000 6
1665163899.061764000 6
1665163899.061764000 6
1665163899.099009000 6
1665163899.099009000 6
1665163899.100407000 6
1665163899.100407000 6
1665163899.102884000 6
1665163899.102884000 6
1665164029.947505000 1
1665164029.949311000 1
1665164029.950581000 1
1665164029.988207000 1
1665164029.989850000 1
1665164029.992059000 1
1665164030.030369000 1
1665164030.070631000 1
1665164030.072090000 1
1665164030.235967000 6
1665164030.235967000 6
1665164030.278592000 6
1665164030.278592000 6
1665164030.280467000 6
1665164030.280467000 6
1665164030.281913000 6
1665164030.281913000 6
1665164030.320139000 6
1665164030.320139000 6
1665164030.321639000 6
1665164030.321639000 6
1665164030.323240000 6
1665164030.323240000 6
1665164030.361015000 6
1665164030.361015000 6
1665164030.362438000 6
1665164030.362438000 6
1665164030.365467000 6
1665164030.365467000 6
1665164030.402141000 6
1665164030.402141000 6
1665164030.403540000 6
1665164030.403540000 6
1665164030.405365000 6
1665164030.405365000 6
1665164030.444092000 6
1665164030.444092000 6
1665164030.445492000 6
1665164030.445492000 6
1665164030.447062000 6
1665164030.447062000 6
1665164030.484313000 6
1665164030.484313000 6
1665164030.485997000 6
1665164030.485997000 6
1665164030.487313000 6
1665164030.487313000 6
1665164030.817791000 1
1665164161.305241000 1
1665164161.306720000 1
1665164161.308346000 1
1665164161.346792000 1
1665164161.348995000 1
1665164161.351440000 1
1665164161.389145000 1
1665164161.428221000 1
1665164161.429588000 1
1665164161.431542000 1
1665164161.594063000 6
1665164161.594063000 6
1665164161.633887000 6
1665164161.633887000 6
1665164161.635296000 6
1665164161.635296000 6
1665164161.636975000 6
1665164161.636975000 6
1665164161.676723000 6
1665164161.676723000 6
1665164161.715998000 6
1665164161.715998000 6
1665164161.717422000 6
1665164161.717422000 6
1665164161.720223000 6
1665164161.720223000 6
1665164161.756795000 6
1665164161.756795000 6
1665164161.758190000 6
1665164161.758190000 6
1665164161.760069000 6
1665164161.760069000 6
1665164161.798749000 6
1665164161.798749000 6
1665164161.800171000 6
1665164161.800171000 6
1665164161.801670000 6
1665164161.801670000 6
1665164161.837882000 6
1665164161.837882000 6
1665164161.841195000 6
1665164161.841195000 6
1665164292.688174000 1
1665164292.690007000 1
1665164292.691479000 1
1665164292.728626000 1
1665164292.730049000 1
1665164292.732750000 1
1665164292.770525000 1
1665164292.771948000 1
1665164292.773603000 1
1665164292.810853000 1
1665164292.812251000 1
1665164292.814072000 1
1665164292.933355000 6
1665164292.933355000 6
1665164292.975205000 6
1665164292.975205000 6
1665164293.015678000 6
1665164293.015678000 6
1665164293.017452000 6
1665164293.017452000 6
1665164293.019529000 6
1665164293.019529000 6
1665164293.055753000 6
1665164293.055753000 6
1665164293.057255000 6
1665164293.057255000 6
1665164293.059301000 6
1665164293.059301000 6
1665164293.097107000 6
1665164293.097107000 6
1665164293.098505000 6
1665164293.098505000 6
1665164293.100652000 6
1665164293.100652000 6
1665164293.137427000 6
1665164293.137427000 6
1665164293.139029000 6
1665164293.139029000 6
1665164293.140357000 6
1665164293.140357000 6
1665164293.179301000 6
1665164293.179301000 6
1665164293.180731000 6
1665164293.180731000 6
1665164293.182302000 6
1665164293.182302000 6
1665164293.219529000 6
1665164293.219529000 6
1665164293.221052000 6
1665164293.221052000 6
1665164293.222403000 6
1665164293.222403000 6
1665164424.003307000 1
1665164424.004992000 1
1665164424.065102000 1
1665164424.066632000 1
1665164424.074092000 1
1665164424.088707000 1
1665164424.091782000 1
1665164424.093109000 1
1665164424.126360000 1
1665164424.128068000 1
1665164424.130757000 1
1665164424.250355000 6
1665164424.250355000 6
1665164424.253510000 6
1665164424.253510000 6
1665164424.291361000 6
1665164424.291361000 6
1665164424.332260000 6
1665164424.332260000 6
1665164424.333659000 6
1665164424.333659000 6
1665164424.335861000 6
1665164424.335861000 6
1665164424.373137000 6
1665164424.373137000 6
1665164424.374707000 6
1665164424.374707000 6
1665164424.376236000 6
1665164424.376236000 6
1665164424.415038000 6
1665164424.415038000 6
1665164424.416434000 6
1665164424.416434000 6
1665164424.417784000 6
1665164424.417784000 6
1665164424.457434000 6
1665164424.457434000 6
1665164424.460434000 6
1665164424.460434000 6
1665164424.461761000 6
1665164424.461761000 6
1665164424.497511000 6
1665164424.497511000 6
1665164424.498881000 6
1665164424.498881000 6
1665164424.500736000 6
1665164424.500736000 6
1665164424.537988000 6
1665164424.537988000 6
1665164424.539386000 6
1665164424.539386000 6
1665164424.540909000 6
1665164424.540909000 6
1665164555.418711000 1
1665164555.420140000 1
1665164555.421878000 1
1665164555.458271000 1
1665164555.460043000 1
1665164555.461365000 1
1665164555.499789000 1
1665164555.501915000 1
1665164555.503233000 1
1665164555.539514000 1
1665164555.540884000 1
1665164555.542391000 1
1665164555.666792000 6
1665164555.666792000 6
1665164555.746267000 6
1665164555.746267000 6
1665164555.747693000 6
1665164555.747693000 6
1665164555.749120000 6
1665164555.749120000 6
1665164555.786370000 6
1665164555.786370000 6
1665164555.787794000 6
1665164555.787794000 6
1665164555.789541000 6
1665164555.789541000 6
1665164555.828278000 6
1665164555.828278000 6
1665164555.831051000 6
1665164555.831051000 6
1665164555.837142000 6
1665164555.837142000 6
1665164555.868369000 6
1665164555.868369000 6
1665164555.869801000 6
1665164555.869801000 6
1665164555.871244000 6
1665164555.871244000 6
1665164555.910119000 6
1665164555.910119000 6
1665164555.911542000 6
1665164555.911542000 6
1665164555.950916000 6
1665164555.950916000 6
1665164555.952441000 6
1665164555.952441000 6
1665164555.954298000 6
1665164555.954298000 6
1665164686.755795000 1
1665164686.757219000 1
1665164686.758614000 1
1665164686.796095000 1
1665164686.797624000 1
1665164686.799069000 1
1665164686.838398000 1
1665164686.840217000 1
1665164686.843874000 1
1665164686.879123000 1
1665164686.880521000 1
1665164686.882165000 1
1665164687.085626000 6
1665164687.085626000 6
1665164687.087025000 6
1665164687.087025000 6
1665164687.089097000 6
1665164687.089097000 6
1665164687.125323000 6
1665164687.125323000 6
1665164687.127050000 6
1665164687.127050000 6
1665164687.128722000 6
1665164687.128722000 6
1665164687.167525000 6
1665164687.167525000 6
1665164687.168948000 6
1665164687.168948000 6
1665164687.170472000 6
1665164687.170472000 6
1665164687.208449000 6
1665164687.208449000 6
1665164687.210150000 6
1665164687.210150000 6
1665164687.211472000 6
1665164687.211472000 6
1665164687.251050000 6
1665164687.251050000 6
1665164687.253473000 6
1665164687.253473000 6
1665164687.255049000 6
1665164687.255049000 6
1665164687.289724000 6
1665164687.289724000 6
1665164687.291127000 6
1665164687.291127000 6
1665164687.292599000 6
1665164687.292599000 6
1665164818.166904000 1
1665164818.168327000 1
1665164818.173532000 1
1665164818.206262000 1
1665164818.207728000 1
1665164818.209578000 1
1665164818.247825000 1
1665164818.249453000 1
1665164818.250778000 1
1665164818.293929000 1
1665164818.458056000 6
1665164818.458056000 6
1665164818.496407000 6
1665164818.496407000 6
1665164818.498806000 6
1665164818.498806000 6
1665164818.500706000 6
1665164818.500706000 6
1665164818.535033000 6
1665164818.535033000 6
1665164818.536431000 6
1665164818.536431000 6
1665164818.539510000 6
1665164818.539510000 6
1665164818.577307000 6
1665164818.577307000 6
1665164818.578707000 6
1665164818.578707000 6
1665164818.582705000 6
1665164818.582705000 6
1665164818.617532000 6
1665164818.617532000 6
1665164818.618933000 6
1665164818.618933000 6
1665164818.620657000 6
1665164818.620657000 6
1665164818.659456000 6
1665164818.659456000 6
1665164818.660884000 6
1665164818.660884000 6
1665164818.662283000 6
1665164818.662283000 6
1665164818.699538000 6
1665164818.699538000 6
1665164818.701082000 6
1665164818.701082000 6
1665164949.522444000 1
1665164949.525270000 1
1665164949.526693000 1
1665164949.562468000 1
1665164949.563897000 1
1665164949.565771000 1
1665164949.604844000 1
1665164949.606311000 1
1665164949.608241000 1
1665164949.644647000 1
1665164949.646069000 1
1665164949.648013000 1
1665164949.767424000 6
1665164949.767424000 6
1665164949.808321000 6
1665164949.808321000 6
1665164949.847775000 6
1665164949.847775000 6
1665164949.849197000 6
1665164949.849197000 6
1665164949.851173000 6
1665164949.851173000 6
1665164949.890900000 6
1665164949.890900000 6
1665164949.893048000 6
1665164949.893048000 6
1665164949.894399000 6
1665164949.894399000 6
1665164949.929134000 6
1665164949.929134000 6
1665164949.930573000 6
1665164949.930573000 6
1665164949.933024000 6
1665164949.933024000 6
1665164949.969574000 6
1665164949.969574000 6
1665164949.970972000 6
1665164949.970972000 6
1665164949.972597000 6
1665164949.972597000 6
1665164950.012549000 6
1665164950.012549000 6
1665164950.014473000 6
1665164950.014473000 6
1665164950.015900000 6
1665164950.015900000 6
1665164950.052122000 6
1665164950.052122000 6
1665164950.053651000 6
1665164950.053651000 6
1665164950.055025000 6
1665164950.055025000 6
1665165080.867087000 1
1665165080.868452000 1
1665165080.870437000 1
1665165080.906304000 1
1665165080.907757000 1
1665165080.909291000 1
1665165080.947913000 1
1665165080.949912000 1
1665165080.951259000 1
1665165080.987961000 1
1665165080.989358000 1
1665165080.991788000 1
1665165081.194738000 6
1665165081.194738000 6
1665165081.196165000 6
1665165081.196165000 6
1665165081.198238000 6
1665165081.198238000 6
1665165081.235486000 6
1665165081.235486000 6
1665165081.236964000 6
1665165081.236964000 6
1665165081.238589000 6
1665165081.238589000 6
1665165081.277387000 6
1665165081.277387000 6
1665165081.278791000 6
1665165081.278791000 6
1665165081.280237000 6
1665165081.280237000 6
1665165081.319442000 6
1665165081.319442000 6
1665165081.320840000 6
1665165081.320840000 6
1665165081.322389000 6
1665165081.322389000 6
1665165081.359386000 6
1665165081.359386000 6
1665165081.360791000 6
1665165081.360791000 6
1665165081.362261000 6
1665165081.362261000 6
1665165081.400514000 6
1665165081.400514000 6
1665165081.401878000 6
1665165081.401878000 6
1665165081.408241000 6
1665165081.408241000 6
1665165212.189002000 1
1665165212.194763000 1
1665165212.196877000 1
1665165212.229253000 1
1665165212.232529000 1
1665165212.270855000 1
1665165212.272254000 1
1665165212.273548000 1
1665165212.310856000 1
1665165212.312253000 1
1665165212.314479000 1
1665165212.516655000 6
1665165212.516655000 6
1665165212.518078000 6
1665165212.518078000 6
1665165212.519930000 6
1665165212.519930000 6
1665165212.557155000 6
1665165212.557155000 6
1665165212.558538000 6
1665165212.558538000 6
1665165212.600828000 6
1665165212.600828000 6
1665165212.602782000 6
1665165212.602782000 6
1665165212.604108000 6
1665165212.604108000 6
1665165212.641079000 6
1665165212.641079000 6
1665165212.642483000 6
1665165212.642483000 6
1665165212.644682000 6
1665165212.644682000 6
1665165212.682656000 6
1665165212.682656000 6
1665165212.684305000 6
1665165212.684305000 6
1665165212.723383000 6
1665165212.723383000 6
1665165212.724782000 6
1665165212.724782000 6
1665165212.726706000 6
1665165212.726706000 6
1665165343.590713000 1
1665165343.592116000 1
1665165343.594168000 1
1665165343.630200000 1
1665165343.631664000 1
1665165343.633462000 1
1665165343.674563000 1
1665165343.711915000 1
1665165343.713664000 1
1665165343.715515000 1
1665165343.917677000 6
1665165343.917677000 6
1665165343.919120000 6
1665165343.919120000 6
1665165343.920818000 6
1665165343.920818000 6
1665165343.957043000 6
1665165343.957043000 6
1665165343.958496000 6
1665165343.958496000 6
1665165343.960340000 6
1665165343.960340000 6
1665165343.999193000 6
1665165343.999193000 6
1665165344.000620000 6
1665165344.000620000 6
1665165344.002019000 6
1665165344.002019000 6
1665165344.043716000 6
1665165344.043716000 6
1665165344.045466000 6
1665165344.045466000 6
1665165344.047683000 6
1665165344.047683000 6
1665165344.082818000 6
1665165344.082818000 6
1665165344.084217000 6
1665165344.084217000 6
1665165344.085621000 6
1665165344.085621000 6
1665165344.123942000 6
1665165344.123942000 6
1665165344.125520000 6
1665165344.125520000 6
1665165344.129068000 6
1665165344.129068000 6
1665165474.973773000 1
1665165474.975859000 1
1665165474.977124000 1
1665165475.013358000 1
1665165475.014782000 1
1665165475.016710000 1
1665165475.058454000 1
1665165475.099057000 1
1665165475.222362000 6
1665165475.222362000 6
1665165475.263337000 6
1665165475.263337000 6
1665165475.301112000 6
1665165475.301112000 6
1665165475.302588000 6
1665165475.302588000 6
1665165475.304655000 6
1665165475.304655000 6
1665165475.341908000 6
1665165475.341908000 6
1665165475.344044000 6
1665165475.344044000 6
1665165475.345744000 6
1665165475.345744000 6
1665165475.383137000 6
1665165475.383137000 6
1665165475.384560000 6
1665165475.384560000 6
1665165475.386089000 6
1665165475.386089000 6
1665165475.423390000 6
1665165475.423390000 6
1665165475.424809000 6
1665165475.424809000 6
1665165475.427339000 6
1665165475.427339000 6
1665165475.465035000 6
1665165475.465035000 6
1665165475.466437000 6
1665165475.466437000 6
1665165475.468089000 6
1665165475.468089000 6
1665165475.510046000 6
1665165475.510046000 6
1665165475.514663000 6
1665165475.514663000 6
1665165475.517262000 6
1665165475.517262000 6
1665165606.352816000 1
1665165606.354615000 1
1665165606.355965000 1
1665165606.392795000 1
1665165606.394216000 1
1665165606.395616000 1
1665165606.433977000 1
1665165606.436738000 1
1665165606.473944000 1
1665165606.475568000 1
1665165606.477520000 1
1665165606.682345000 6
1665165606.682345000 6
1665165606.683773000 6
1665165606.683773000 6
1665165606.686822000 6
1665165606.686822000 6
1665165606.723671000 6
1665165606.723671000 6
1665165606.725071000 6
1665165606.725071000 6
1665165606.727469000 6
1665165606.727469000 6
1665165606.764650000 6
1665165606.764650000 6
1665165606.766327000 6
1665165606.766327000 6
1665165606.767776000 6
1665165606.767776000 6
1665165606.807298000 6
1665165606.807298000 6
1665165606.816423000 6
1665165606.816423000 6
1665165606.817744000 6
1665165606.817744000 6
1665165606.846471000 6
1665165606.846471000 6
1665165606.847899000 6
1665165606.847899000 6
1665165606.849471000 6
1665165606.849471000 6
1665165606.886696000 6
1665165606.886696000 6
1665165606.888097000 6
1665165606.888097000 6
1665165606.889542000 6
1665165606.889542000 6
1665165737.741000000 1
1665165737.743177000 1
1665165737.744498000 1
1665165737.781274000 1
1665165737.782622000 1
1665165737.784351000 1
1665165737.825525000 1
1665165737.827677000 1
1665165737.865857000 1
1665165737.867327000 1
1665165738.067503000 6
1665165738.067503000 6
1665165738.068901000 6
1665165738.068901000 6
1665165738.070628000 6
1665165738.070628000 6
1665165738.108003000 6
1665165738.108003000 6
1665165738.109431000 6
1665165738.109431000 6
1665165738.111128000 6
1665165738.111128000 6
1665165738.150682000 6
1665165738.150682000 6
1665165738.152081000 6
1665165738.152081000 6
1665165738.154205000 6
1665165738.154205000 6
1665165738.194807000 6
1665165738.194807000 6
1665165738.196933000 6
1665165738.196933000 6
1665165738.199356000 6
1665165738.199356000 6
1665165738.231333000 6
1665165738.231333000 6
1665165738.232753000 6
1665165738.232753000 6
1665165738.234904000 6
1665165738.234904000 6
1665165738.272154000 6
1665165738.272154000 6
1665165738.273558000 6
1665165738.273558000 6
1665165738.274981000 6
1665165738.274981000 6
1665165869.118263000 1
1665165869.120567000 1
1665165869.121940000 1
1665165869.163390000 1
1665165869.165865000 1
1665165869.167191000 1
1665165869.200443000 1
1665165869.203639000 1
1665165869.242843000 1
1665165869.368539000 6
1665165869.368539000 6
1665165869.408992000 6
1665165869.408992000 6
1665165869.448194000 6
1665165869.448194000 6
1665165869.449949000 6
1665165869.449949000 6
1665165869.454694000 6
1665165869.454694000 6
1665165869.487915000 6
1665165869.487915000 6
1665165869.489350000 6
1665165869.489350000 6
1665165869.489371000 1
1665165869.491141000 6
1665165869.491141000 6
1665165869.529918000 6
1665165869.529918000 6
1665165869.531343000 6
1665165869.531343000 6
1665165869.533541000 6
1665165869.533541000 6
1665165869.571118000 6
1665165869.571118000 6
1665165869.573266000 6
1665165869.573266000 6
1665165869.574595000 6
1665165869.574595000 6
1665165869.616718000 6
1665165869.616718000 6
1665165869.619641000 6
1665165869.619641000 6
1665165869.651892000 6
1665165869.651892000 6
1665165869.653320000 6
1665165869.653320000 6
1665165869.655070000 6
1665165869.655070000 6
1665165869.862075000 6
1665165869.862075000 6
