1665165927.461987000 6
1665165927.461987000 6
1665165927.463916000 6
1665165927.463916000 6
1665165927.503145000 6
1665165927.503145000 6
1665165927.504894000 6
1665165927.504894000 6
1665165927.506220000 6
1665165927.506220000 6
1665165927.543416000 6
1665165927.543416000 6
1665165927.544854000 6
1665165927.544854000 6
1665165927.546351000 6
1665165927.546351000 6
1665165930.436929000 1
1665165930.438272000 1
1665165930.440178000 1
1665165930.476780000 1
1665165930.478205000 1
1665165930.479535000 1
1665165930.518430000 1
1665165930.521733000 1
1665165930.558956000 1
1665165930.560381000 1
1665165930.603007000 1
1665165930.686485000 6
1665165930.686485000 6
1665165930.725862000 6
1665165930.725862000 6
1665165930.764641000 6
1665165930.764641000 6
1665165930.766035000 6
1665165930.766035000 6
1665165930.767786000 6
1665165930.767786000 6
1665165930.804021000 6
1665165930.804021000 6
1665165930.807236000 6
1665165930.807236000 6
1665165930.808832000 6
1665165930.808832000 6
1665165930.845611000 6
1665165930.845611000 6
1665165930.847956000 6
1665165930.847956000 6
1665165930.849360000 6
1665165930.849360000 6
1665165930.885832000 6
1665165930.885832000 6
1665165930.887309000 6
1665165930.887309000 6
1665165930.889034000 6
1665165930.889034000 6
1665165930.929431000 6
1665165930.929431000 6
1665165930.931309000 6
1665165930.931309000 6
1665165930.968615000 6
1665165930.968615000 6
1665165930.970354000 6
1665165930.970354000 6
1665165930.971761000 6
1665165930.971761000 6
1665165938.318468000 1
1665165938.320742000 1
1665165938.322489000 1
1665165938.359270000 1
1665165938.360670000 1
1665165938.362495000 1
1665165938.401669000 1
1665165938.403616000 1
1665165938.404967000 1
1665165938.441491000 1
1665165938.443070000 1
1665165938.608992000 6
1665165938.608992000 6
1665165938.647823000 6
1665165938.647823000 6
1665165938.649189000 6
1665165938.649189000 6
1665165938.651697000 6
1665165938.651697000 6
1665165938.688471000 6
1665165938.688471000 6
1665165938.689900000 6
1665165938.689900000 6
1665165938.691246000 6
1665165938.691246000 6
1665165938.731847000 6
1665165938.731847000 6
1665165938.733275000 6
1665165938.733275000 6
1665165938.734923000 6
1665165938.734923000 6
1665165938.772291000 6
1665165938.772291000 6
1665165938.773750000 6
1665165938.773750000 6
1665165938.775596000 6
1665165938.775596000 6
1665165938.815121000 6
1665165938.815121000 6
1665165938.816448000 6
1665165938.816448000 6
1665165938.854471000 6
1665165938.854471000 6
1665165938.855899000 6
1665165938.855899000 6
1665165938.857425000 6
1665165938.857425000 6
1665165949.710598000 1
1665165949.712020000 1
1665165949.713772000 1
1665165949.750772000 1
1665165949.752200000 1
1665165949.754374000 1
1665165949.792674000 1
1665165949.794098000 1
1665165949.796270000 1
1665165949.834045000 1
1665165949.835897000 1
1665165949.996957000 6
1665165949.996957000 6
1665165950.036728000 6
1665165950.036728000 6
1665165950.038185000 6
1665165950.038185000 6
1665165950.040798000 6
1665165950.040798000 6
1665165950.077004000 6
1665165950.077004000 6
1665165950.078452000 6
1665165950.078452000 6
1665165950.079900000 6
1665165950.079900000 6
1665165950.120627000 6
1665165950.120627000 6
1665165950.122126000 6
1665165950.122126000 6
1665165950.124226000 6
1665165950.124226000 6
1665165950.159578000 6
1665165950.159578000 6
1665165950.161000000 6
1665165950.161000000 6
1665165950.162481000 6
1665165950.162481000 6
1665165950.200549000 6
1665165950.200549000 6
1665165950.202080000 6
1665165950.202080000 6
1665165950.203674000 6
1665165950.203674000 6
1665165950.240203000 6
1665165950.240203000 6
1665165950.241652000 6
1665165950.241652000 6
1665165950.243001000 6
1665165950.243001000 6
1665165969.111487000 1
1665165969.113193000 1
1665165969.115385000 1
1665165969.151261000 1
1665165969.153190000 1
1665165969.154791000 1
1665165969.193386000 1
1665165969.194862000 1
1665165969.196971000 1
1665165969.234190000 1
1665165969.235589000 1
1665165969.238291000 1
1665165969.278739000 1
1665165969.439843000 6
1665165969.439843000 6
1665165969.441265000 6
1665165969.441265000 6
1665165969.442740000 6
1665165969.442740000 6
1665165969.480343000 6
1665165969.480343000 6
1665165969.485092000 6
1665165969.485092000 6
1665165969.486389000 6
1665165969.486389000 6
1665165969.521241000 6
1665165969.521241000 6
1665165969.522642000 6
1665165969.522642000 6
1665165969.525091000 6
1665165969.525091000 6
1665165969.567993000 6
1665165969.567993000 6
1665165969.578843000 6
1665165969.578843000 6
1665165969.598046000 6
1665165969.598046000 6
1665165969.603516000 6
1665165969.603516000 6
1665165969.605017000 6
1665165969.605017000 6
1665165969.606390000 6
1665165969.606390000 6
1665165969.643593000 6
1665165969.643593000 6
1665165969.645140000 6
1665165969.645140000 6
1665165969.646641000 6
1665165969.646641000 6
1665166004.537231000 1
1665166004.538656000 1
1665166004.540382000 1
1665166004.577833000 1
1665166004.579303000 1
1665166004.581133000 1
1665166004.619304000 1
1665166004.659665000 1
1665166004.661180000 1
1665166004.867932000 6
1665166004.867932000 6
1665166004.869360000 6
1665166004.869360000 6
1665166004.871757000 6
1665166004.871757000 6
1665166004.908008000 6
1665166004.908008000 6
1665166004.950359000 6
1665166004.950359000 6
1665166004.952259000 6
1665166004.952259000 6
1665166004.953633000 6
1665166004.953633000 6
1665166004.994064000 6
1665166004.994064000 6
1665166004.995486000 6
1665166004.995486000 6
1665166005.002840000 6
1665166005.002840000 6
1665166005.032089000 6
1665166005.032089000 6
1665166005.033509000 6
1665166005.033509000 6
1665166005.034961000 6
1665166005.034961000 6
1665166005.071860000 6
1665166005.071860000 6
1665166005.075242000 6
1665166005.075242000 6
1665166071.969926000 1
1665166071.971795000 1
1665166071.973147000 1
1665166072.010273000 1
1665166072.011677000 1
1665166072.014897000 1
1665166072.051522000 1
1665166072.052921000 1
1665166072.060569000 1
1665166072.091798000 1
1665166072.093218000 1
1665166072.094771000 1
1665166072.297448000 6
1665166072.297448000 6
1665166072.298971000 6
1665166072.298971000 6
1665166072.300300000 6
1665166072.300300000 6
1665166072.339344000 6
1665166072.339344000 6
1665166072.341673000 6
1665166072.341673000 6
1665166072.342997000 6
1665166072.342997000 6
1665166072.379300000 6
1665166072.379300000 6
1665166072.381099000 6
1665166072.381099000 6
1665166072.382375000 6
1665166072.382375000 6
1665166072.432650000 6
1665166072.432650000 6
1665166072.434722000 6
1665166072.434722000 6
1665166072.436048000 6
1665166072.436048000 6
1665166072.462157000 6
1665166072.462157000 6
1665166072.464143000 6
1665166072.464143000 6
1665166072.505275000 6
1665166072.505275000 6
1665166072.506746000 6
1665166072.506746000 6
1665166203.352649000 1
1665166203.354385000 1
1665166203.355775000 1
1665166203.392902000 1
1665166203.394300000 1
1665166203.396277000 1
1665166203.442175000 1
1665166203.476426000 1
1665166203.479550000 1
1665166203.646303000 6
1665166203.646303000 6
1665166203.683778000 6
1665166203.683778000 6
1665166203.686058000 6
1665166203.686058000 6
1665166203.723725000 6
1665166203.723725000 6
1665166203.725132000 6
1665166203.725132000 6
1665166203.731255000 6
1665166203.731255000 6
1665166203.766030000 6
1665166203.766030000 6
1665166203.767453000 6
1665166203.767453000 6
1665166203.769102000 6
1665166203.769102000 6
1665166203.806928000 6
1665166203.806928000 6
1665166203.812477000 6
1665166203.812477000 6
1665166203.813807000 6
1665166203.813807000 6
1665166203.854459000 6
1665166203.854459000 6
1665166203.855953000 6
1665166203.855953000 6
1665166203.857475000 6
1665166203.857475000 6
1665166203.892929000 6
1665166203.892929000 6
1665166334.722979000 1
1665166334.725347000 1
1665166334.726847000 1
1665166334.763925000 1
1665166334.766225000 1
1665166334.768022000 1
1665166334.805444000 1
1665166334.807126000 1
1665166334.809271000 1
1665166334.846099000 1
1665166334.847522000 1
1665166334.851195000 1
1665166334.930671000 1
1665166334.969822000 1
1665166335.011605000 6
1665166335.011605000 6
1665166335.054198000 6
1665166335.054198000 6
1665166335.092073000 6
1665166335.092073000 6
1665166335.093477000 6
1665166335.093477000 6
1665166335.134549000 6
1665166335.134549000 6
1665166335.135978000 6
1665166335.135978000 6
1665166335.137449000 6
1665166335.137449000 6
1665166335.175132000 6
1665166335.175132000 6
1665166335.176775000 6
1665166335.176775000 6
1665166335.178151000 6
1665166335.178151000 6
1665166335.215952000 6
1665166335.215952000 6
1665166335.256050000 6
1665166335.256050000 6
1665166335.258228000 6
1665166335.258228000 6
1665166335.259496000 6
1665166335.259496000 6
1665166466.103612000 1
1665166466.105035000 1
1665166466.106910000 1
1665166466.143692000 1
1665166466.145136000 1
1665166466.146464000 1
1665166466.185588000 1
1665166466.228286000 1
1665166466.229638000 1
1665166466.351115000 6
1665166466.351115000 6
1665166466.436319000 6
1665166466.436319000 6
1665166466.437640000 6
1665166466.437640000 6
1665166466.472866000 6
1665166466.472866000 6
1665166466.474266000 6
1665166466.474266000 6
1665166466.476391000 6
1665166466.476391000 6
1665166466.516966000 6
1665166466.516966000 6
1665166466.518818000 6
1665166466.518818000 6
1665166466.520766000 6
1665166466.520766000 6
1665166466.555539000 6
1665166466.555539000 6
1665166466.556945000 6
1665166466.556945000 6
1665166466.567915000 6
1665166466.567915000 6
1665166466.596695000 6
1665166466.596695000 6
1665166466.598720000 6
1665166466.598720000 6
1665166466.600039000 6
1665166466.600039000 6
1665166466.636234000 6
1665166466.636234000 6
1665166466.639060000 6
1665166466.639060000 6
1665166597.485246000 1
1665166597.490347000 1
1665166597.525247000 1
1665166597.526651000 1
1665166597.528401000 1
1665166597.569675000 1
1665166597.573973000 1
1665166597.607622000 1
1665166597.609599000 1
1665166597.733200000 6
1665166597.733200000 6
1665166597.811476000 6
1665166597.811476000 6
1665166597.812924000 6
1665166597.812924000 6
1665166597.815750000 6
1665166597.815750000 6
1665166597.853827000 6
1665166597.853827000 6
1665166597.855178000 6
1665166597.855178000 6
1665166597.893910000 6
1665166597.893910000 6
1665166597.895375000 6
1665166597.895375000 6
1665166597.897903000 6
1665166597.897903000 6
1665166597.937082000 6
1665166597.937082000 6
1665166597.947850000 6
1665166597.947850000 6
1665166597.976978000 6
1665166597.976978000 6
1665166597.979279000 6
1665166597.979279000 6
1665166598.019531000 6
1665166598.019531000 6
1665166598.020951000 6
1665166598.020951000 6
1665166728.869179000 1
1665166728.872256000 1
1665166728.875625000 1
1665166728.907203000 1
1665166728.908703000 1
1665166728.910030000 1
1665166728.947955000 1
1665166728.951554000 1
1665166728.988806000 1
1665166728.990358000 1
1665166728.991983000 1
1665166729.114986000 6
1665166729.114986000 6
1665166729.195784000 6
1665166729.195784000 6
1665166729.198082000 6
1665166729.198082000 6
1665166729.199409000 6
1665166729.199409000 6
1665166729.235581000 6
1665166729.235581000 6
1665166729.237004000 6
1665166729.237004000 6
1665166729.238667000 6
1665166729.238667000 6
1665166729.279111000 6
1665166729.279111000 6
1665166729.281260000 6
1665166729.281260000 6
1665166729.317490000 6
1665166729.317490000 6
1665166729.318961000 6
1665166729.318961000 6
1665166729.320610000 6
1665166729.320610000 6
1665166729.359708000 6
1665166729.359708000 6
1665166729.361054000 6
1665166729.361054000 6
1665166729.363204000 6
1665166729.363204000 6
1665166729.412160000 6
1665166729.412160000 6
1665166729.413430000 6
1665166729.413430000 6
1665166860.266366000 1
1665166860.268062000 1
1665166860.271532000 1
1665166860.304508000 1
1665166860.306881000 1
1665166860.308259000 1
1665166860.347408000 1
1665166860.348735000 1
1665166860.386109000 1
1665166860.549535000 6
1665166860.549535000 6
1665166860.591837000 6
1665166860.591837000 6
1665166860.593565000 6
1665166860.593565000 6
1665166860.594910000 6
1665166860.594910000 6
1665166860.632440000 6
1665166860.632440000 6
1665166860.634035000 6
1665166860.634035000 6
1665166860.635387000 6
1665166860.635387000 6
1665166860.673162000 6
1665166860.673162000 6
1665166860.674738000 6
1665166860.674738000 6
1665166860.677095000 6
1665166860.677095000 6
1665166860.716590000 6
1665166860.716590000 6
1665166860.717971000 6
1665166860.717971000 6
1665166860.724244000 6
1665166860.724244000 6
1665166860.757386000 6
1665166860.757386000 6
1665166860.759195000 6
1665166860.759195000 6
1665166860.760457000 6
1665166860.760457000 6
1665166860.796738000 6
1665166860.796738000 6
1665166860.798339000 6
1665166860.798339000 6
1665166860.799763000 6
1665166860.799763000 6
1665166991.630503000 1
1665166991.632557000 1
1665166991.634267000 1
1665166991.670380000 1
1665166991.671785000 1
1665166991.673411000 1
1665166991.717105000 1
1665166991.755732000 1
1665166991.757934000 1
1665166991.760732000 1
1665166991.797755000 1
1665166991.879063000 6
1665166991.879063000 6
1665166991.958735000 6
1665166991.958735000 6
1665166991.960163000 6
1665166991.960163000 6
1665166991.961758000 6
1665166991.961758000 6
1665166991.999382000 6
1665166991.999382000 6
1665166992.002861000 6
1665166992.002861000 6
1665166992.004407000 6
1665166992.004407000 6
1665166992.040509000 6
1665166992.040509000 6
1665166992.042735000 6
1665166992.042735000 6
1665166992.044062000 6
1665166992.044062000 6
1665166992.092642000 6
1665166992.092642000 6
1665166992.101895000 6
1665166992.101895000 6
1665166992.103585000 6
1665166992.103585000 6
1665166992.122960000 6
1665166992.122960000 6
1665166992.124835000 6
1665166992.124835000 6
1665166992.126188000 6
1665166992.126188000 6
1665166992.162413000 6
1665166992.162413000 6
1665166992.163914000 6
1665166992.163914000 6
1665166992.168235000 6
1665166992.168235000 6
1665167122.964001000 1
1665167122.966376000 1
1665167122.968680000 1
1665167123.003954000 1
1665167123.006228000 1
1665167123.007577000 1
1665167123.047526000 1
1665167123.049098000 1
1665167123.051554000 1
1665167123.084804000 1
1665167123.086602000 1
1665167123.290183000 6
1665167123.290183000 6
1665167123.291628000 6
1665167123.291628000 6
1665167123.293706000 6
1665167123.293706000 6
1665167123.332605000 6
1665167123.332605000 6
1665167123.334405000 6
1665167123.334405000 6
1665167123.372182000 6
1665167123.372182000 6
1665167123.373605000 6
1665167123.373605000 6
1665167123.377831000 6
1665167123.377831000 6
1665167123.416355000 6
1665167123.416355000 6
1665167123.419933000 6
1665167123.419933000 6
1665167123.455033000 6
1665167123.455033000 6
1665167123.456433000 6
1665167123.456433000 6
1665167123.458707000 6
1665167123.458707000 6
1665167123.495928000 6
1665167123.495928000 6
1665167123.497432000 6
1665167123.497432000 6
1665167123.498957000 6
1665167123.498957000 6
1665167254.388369000 1
1665167254.389791000 1
1665167254.391565000 1
1665167254.429488000 1
1665167254.433564000 1
1665167254.434970000 1
1665167254.472037000 1
1665167254.473444000 1
1665167254.512066000 1
1665167254.517892000 1
1665167254.519242000 1
1665167254.675727000 6
1665167254.675727000 6
1665167254.677144000 6
1665167254.677144000 6
1665167254.679219000 6
1665167254.679219000 6
1665167254.718044000 6
1665167254.718044000 6
1665167254.721899000 6
1665167254.721899000 6
1665167254.759093000 6
1665167254.759093000 6
1665167254.760821000 6
1665167254.760821000 6
1665167254.762160000 6
1665167254.762160000 6
1665167254.799947000 6
1665167254.799947000 6
1665167254.801368000 6
1665167254.801368000 6
1665167254.803597000 6
1665167254.803597000 6
1665167254.839870000 6
1665167254.839870000 6
1665167254.841294000 6
1665167254.841294000 6
1665167254.843891000 6
1665167254.843891000 6
1665167254.884517000 6
1665167254.884517000 6
1665167254.885847000 6
1665167254.885847000 6
1665167254.922720000 6
1665167254.922720000 6
1665167254.912000 6
1665167254.912000 6
1665167254.926649000 6
1665167254.926649000 6
1665167255.088003000 6
1665167255.088003000 6
1665167385.769784000 1
1665167385.771189000 1
1665167385.772961000 1
1665167385.808310000 1
1665167385.809735000 1
1665167385.811607000 1
1665167385.851787000 1
1665167385.853132000 1
1665167385.890296000 1
1665167385.892635000 1
1665167385.893986000 1
1665167386.095743000 6
1665167386.095743000 6
1665167386.098012000 6
1665167386.098012000 6
1665167386.099440000 6
1665167386.099440000 6
1665167386.138443000 6
1665167386.138443000 6
1665167386.139860000 6
1665167386.139860000 6
1665167386.177190000 6
1665167386.177190000 6
1665167386.178613000 6
1665167386.178613000 6
1665167386.180189000 6
1665167386.180189000 6
1665167386.218128000 6
1665167386.218128000 6
1665167386.219538000 6
1665167386.219538000 6
1665167386.221689000 6
1665167386.221689000 6
1665167386.259213000 6
1665167386.259213000 6
1665167386.261034000 6
1665167386.261034000 6
1665167386.262388000 6
1665167386.262388000 6
1665167386.299615000 6
1665167386.299615000 6
1665167386.302642000 6
1665167386.302642000 6
1665167517.105097000 1
1665167517.106491000 1
1665167517.108798000 1
1665167517.144891000 1
1665167517.146320000 1
1665167517.148015000 1
1665167517.226870000 1
1665167517.228297000 1
1665167517.229617000 1
1665167517.268394000 6
1665167517.268394000 6
1665167517.355426000 6
1665167517.355426000 6
1665167517.433449000 6
1665167517.433449000 6
1665167517.434872000 6
1665167517.434872000 6
1665167517.436644000 6
1665167517.436644000 6
1665167517.473361000 6
1665167517.473361000 6
1665167517.475359000 6
1665167517.475359000 6
1665167517.477079000 6
1665167517.477079000 6
1665167517.515277000 6
1665167517.515277000 6
1665167517.518176000 6
1665167517.518176000 6
1665167517.520397000 6
1665167517.520397000 6
1665167517.556197000 6
1665167517.556197000 6
1665167517.557601000 6
1665167517.557601000 6
1665167517.561221000 6
1665167517.561221000 6
1665167517.601199000 6
1665167517.601199000 6
1665167517.639104000 6
1665167517.639104000 6
1665167517.640459000 6
1665167517.640459000 6
1665167517.642314000 6
1665167517.642314000 6
1665167648.488119000 1
1665167648.492594000 1
1665167648.493973000 1
1665167648.532094000 1
1665167648.533433000 1
1665167648.536121000 1
1665167648.572212000 1
1665167648.573625000 1
1665167648.609847000 1
1665167648.611271000 1
1665167648.732596000 6
1665167648.732596000 6
1665167648.815024000 6
1665167648.815024000 6
1665167648.816423000 6
1665167648.816423000 6
1665167648.818576000 6
1665167648.818576000 6
1665167648.856025000 6
1665167648.856025000 6
1665167648.858850000 6
1665167648.858850000 6
1665167648.860900000 6
1665167648.860900000 6
1665167648.896677000 6
1665167648.896677000 6
1665167648.900025000 6
1665167648.900025000 6
1665167648.936878000 6
1665167648.936878000 6
1665167648.938293000 6
1665167648.938293000 6
1665167648.940056000 6
1665167648.940056000 6
1665167648.978556000 6
1665167648.978556000 6
1665167648.980553000 6
1665167648.980553000 6
1665167648.982025000 6
1665167648.982025000 6
1665167649.019978000 6
1665167649.019978000 6
1665167649.021747000 6
1665167649.021747000 6
1665167649.023101000 6
1665167649.023101000 6
