1669924806.659359 0.264601 2462 2437 -85 14 00:22:58:70:00:dc
1669924806.702794 0.308036 2437 2437 -82 37 00:22:58:70:00:dc
1669924814.427761 8.033003 2437 2462 -89 1 00:22:58:70:00:dc
1669924814.626886 8.232128 2462 2462 -91 10 00:22:58:70:00:dc
1669924814.888197 8.493439 2462 2437 -82 22 00:22:58:70:00:dc
1669924822.502526 16.107768 2437 2462 -88 2 00:22:58:70:00:dc
1669924822.701410 16.306652 2462 2437 -87 11 00:22:58:70:00:dc
1669924822.745527 16.350769 2437 2437 -84 13 00:22:58:70:00:dc
1669924830.996330 24.601572 2437 2437 -82 13 00:22:58:70:00:dc
1669924834.388937 27.994179 2437 2462 -91 45 00:22:58:70:00:dc
1669924834.408085 28.013327 2462 2462 -92 46 00:22:58:70:00:dc
1669924834.650625 28.255867 2462 2437 -83 57 00:22:58:70:00:dc
1669924834.688033 28.293275 2437 2437 -83 58 00:22:58:70:00:dc
1669924835.055911 28.661153 2437 2462 -89 1 00:22:58:70:00:dc
1669924835.075619 28.680861 2462 2462 -89 2 00:22:58:70:00:dc
1669924835.342650 28.947892 2462 2437 -80 14 00:22:58:70:00:dc
1669924835.361838 28.967080 2437 2437 -83 15 00:22:58:70:00:dc
1669924835.704027 29.309269 2437 2462 -90 24 00:22:58:70:00:dc
1669924836.011050 29.616292 2462 2437 -84 38 00:22:58:70:00:dc
1669924836.555145 30.160387 2437 2437 -86 56 00:22:58:70:00:dc
1669924836.597815 30.203057 2437 2437 -83 58 00:22:58:70:00:dc
1669924836.620811 30.226053 2437 2437 -82 59 00:22:58:70:00:dc
1669924841.989616 35.594858 2437 2462 -93 2098 00:22:58:70:00:dc
1669924842.252282 35.857524 2462 2437 -83 13 00:22:58:70:00:dc
1669924850.063342 43.668584 2437 2462 -91 2 00:22:58:70:00:dc
1669924853.080287 46.685529 2462 2462 -92 24 00:22:58:70:00:dc
1669924853.322585 46.927827 2462 2437 -82 35 00:22:58:70:00:dc
1669924853.343548 46.948790 2437 2437 -83 36 00:22:58:70:00:dc
1669924853.389563 46.994805 2437 2437 -81 38 00:22:58:70:00:dc
1669924853.714203 47.319445 2437 2462 -87 46 00:22:58:70:00:dc
1669924853.977418 47.582660 2462 2437 -83 58 00:22:58:70:00:dc
1669924854.358494 47.963736 2437 2462 -86 2049 00:22:58:70:00:dc
1669924854.622269 48.227511 2462 2437 -84 13 00:22:58:70:00:dc
1669924854.643817 48.249059 2437 2437 -84 14 00:22:58:70:00:dc
1669924855.252306 48.857548 2437 2437 -84 35 00:22:58:70:00:dc
1669924855.281926 48.887168 2437 2437 -83 36 00:22:58:70:00:dc
1669924855.317044 48.922286 2437 2437 -83 38 00:22:58:70:00:dc
1669924855.908896 49.514138 2437 2437 -82 58 00:22:58:70:00:dc
1669924861.307043 54.912285 2437 2462 -87 2 00:22:58:70:00:dc
1669924861.549085 55.154327 2462 2437 -82 13 00:22:58:70:00:dc
1669924869.339120 62.944362 2437 2462 -93 1 00:22:58:70:00:dc
1669924869.359997 62.965239 2462 2462 -90 2 00:22:58:70:00:dc
1669924869.602731 63.207973 2462 2437 -84 13 00:22:58:70:00:dc
1669924869.623535 63.228777 2437 2437 -84 1965 00:22:58:70:00:dc
1669924872.510956 66.116198 2437 2462 -91 2 00:22:58:70:00:dc
1669924872.753699 66.358941 2462 2437 -84 13 00:22:58:70:00:dc
1669924872.774632 66.379874 2437 2437 -82 14 00:22:58:70:00:dc
1669924842.010178 0.000000 2437 2462 -79 2 00:22:58:70:e0:33
1669924872.490222 0.000000 2462 2462 -91 1 00:22:58:f0:48:dc
1669924814.865203 0.000000 2462 2437 -87 495 00:22:58:f0:b6:1e
1669924851.531810 0.000000 2437 2412 -82 3302 00:60:85:45:db:68
1669924818.410962 0.000000 2412 2437 -85 3094 02:05:e9:9c:06:69
1669924858.813360 0.000000 2437 2437 -91 815 02:3d:9c:58:43:86
1669924805.961192 0.000000 2437 2462 -77 3084 02:59:ae:19:38:2d
1669924872.075355 0.000000 2462 2462 -90 466 02:63:86:09:6b:f6
1669924801.647676 0.000000 2462 2412 -85 3995 02:81:32:61:ed:9f
1669924801.681624 0.033948 2412 2412 -86 3996 02:81:32:61:ed:9f
1669924811.493935 0.000000 2412 2437 -82 1043 05:55:19:0d:a0:bd
1669924846.708773 0.000000 2437 2437 -83 2199 05:f4:3e:95:b3:78
1669924815.396880 0.000000 2437 2412 -84 3671 05:fa:63:2d:6f:47
1669924805.610077 0.000000 2412 2437 -88 3912 06:26:c0:ec:da:37
1669924805.532510 0.000000 2437 2412 -75 3065 06:59:ae:19:38:2d
1669924805.559078 0.026568 2412 2412 -77 3066 06:59:ae:19:38:2d
1669924805.593509 0.060999 2412 2412 -76 3068 06:59:ae:19:38:2d
1669924805.706905 0.174395 2412 2437 -74 3073 06:59:ae:19:38:2d
1669924805.726967 0.194457 2437 2437 -75 3074 06:59:ae:19:38:2d
1669924805.761229 0.228719 2437 2437 -78 3075 06:59:ae:19:38:2d
1669924805.789926 0.257416 2437 2437 -78 3076 06:59:ae:19:38:2d
1669924805.829013 0.296503 2437 2437 -84 3078 06:59:ae:19:38:2d
1669924805.978263 0.445753 2437 2462 -74 3085 06:59:ae:19:38:2d
1669924805.999842 0.467332 2462 2462 -78 3086 06:59:ae:19:38:2d
1669924836.973531 31.441021 2462 2462 -78 3087 06:59:ae:19:38:2d
1669924861.141836 55.609326 2462 2462 -89 3109 06:59:ae:19:38:2d
1669924803.572319 0.000000 2462 2437 -89 622 06:6d:be:04:96:e5
1669924803.592626 0.020307 2437 2437 -87 623 06:6d:be:04:96:e5
1669924804.342288 0.769969 2437 2462 -88 643 06:6d:be:04:96:e5
1669924819.348791 15.776472 2462 2462 -91 878 06:6d:be:04:96:e5
1669924827.705464 24.133145 2462 2462 -90 928 06:6d:be:04:96:e5
1669924827.725525 24.153206 2462 2462 -89 929 06:6d:be:04:96:e5
1669924841.672931 38.100612 2462 2437 -84 1037 06:6d:be:04:96:e5
1669924846.634097 43.061778 2437 2437 -91 1080 06:6d:be:04:96:e5
1669924846.650165 43.077846 2437 2437 -89 1082 06:6d:be:04:96:e5
1669924846.814094 43.241775 2437 2437 -93 1085 06:6d:be:04:96:e5
1669924805.934131 0.000000 2437 2462 -78 3083 07:59:26:1d:38:2d
1669924858.780888 0.000000 2462 2437 -78 1494 0a:7a:cd:77:3a:08
1669924842.826506 0.000000 2437 2412 -94 2133 0a:8c:44:58:e0:3f
1669924802.083458 0.000000 2412 2462 -86 3887 0a:9a:42:17:8f:77
1669924802.093727 0.010269 2462 2462 -85 282 0a:9a:42:17:8f:77
1669924838.340094 0.000000 2462 2437 -85 2866 0a:e9:af:9c:fd:4b
1669924838.364795 0.024701 2437 2437 -81 2867 0a:e9:af:9c:fd:4b
1669924824.805807 0.000000 2437 2437 -85 0 0c:b3:d6:e2:d7:18
1669924801.910424 0.000000 2437 2437 -87 1251 0e:10:e2:e7:db:fd
1669924801.920846 0.010422 2437 2437 -90 1254 0e:10:e2:e7:db:fd
1669924806.016701 0.000000 2437 2437 -86 1279 0e:1c:2a:6b:c0:53
1669924806.068143 0.051442 2437 2462 -88 1281 0e:1c:2a:6b:c0:53
1669924815.555480 0.000000 2462 2437 -73 2002 0e:2e:55:21:65:b9
1669924815.591556 0.036076 2437 2437 -72 3928 0e:2e:55:21:65:b9
1669924815.554183 0.000000 2437 2437 -74 2256 0e:98:0a:e4:3c:48
1669924815.590258 0.036075 2437 2437 -73 3927 0e:98:0a:e4:3c:48
1669924810.849270 0.000000 2437 2412 -87 3942 10:3d:d3:0c:3e:3d
1669924869.246410 0.000000 2412 2437 -82 3069 10:b3:4e:c1:31:3b
1669924848.152084 0.000000 2437 2437 -82 3207 10:b3:4e:c1:76:c6
1669924814.866721 0.000000 2437 2437 -82 2653 10:b3:4e:c1:d7:1a
1669924844.859763 0.000000 2437 2437 -82 519 10:b3:b6:9c:76:c3
1669924867.707688 0.000000 2437 2437 -82 3185 10:b3:d6:32:6c:c4
1669924837.491978 0.000000 2437 2437 -85 20 10:b3:d6:62:4f:d6
1669924861.971581 0.000000 2437 2437 -84 3853 10:b3:d6:62:4f:d7
1669924803.812709 0.000000 2437 2437 -84 1948 10:b3:d6:62:a9:4e
1669924813.817988 0.000000 2437 2437 -84 1955 10:b3:d6:e2:5c:e6
1669924849.268299 0.000000 2437 2437 -82 816 10:b3:d6:e2:76:3c
1669924822.245409 0.000000 2437 2437 -84 3972 10:b3:d6:e2:76:a6
1669924817.822122 0.000000 2437 2437 -82 2186 10:b3:d6:e2:76:c2
1669924823.570806 0.000000 2437 2437 -84 3182 10:b3:d6:e2:76:c5
1669924853.549201 0.000000 2437 2437 -82 3520 10:b3:d6:e2:76:f8
1669924859.007268 0.000000 2437 2437 -82 2428 10:b3:d6:e2:90:91
1669924872.837566 0.000000 2437 2437 -80 439 12:02:fe:b1:b9:48
1669924806.249081 0.000000 2437 2462 -82 1559 12:2f:78:d3:05:40
1669924817.167502 0.000000 2462 2412 -87 1315 12:35:6c:58:0a:40
1669924817.222197 0.054695 2412 2412 -87 1001 12:35:6c:58:0a:40
1669924804.006084 0.000000 2412 2437 -92 3355 12:5d:ee:99:a9:f9
1669924811.962107 0.000000 2437 2462 -89 1049 12:f1:3d:71:db:9e
1669924812.049922 0.087815 2462 2437 -84 1051 12:f1:3d:71:db:9e
1669924812.075798 0.113691 2437 2412 -86 1053 12:f1:3d:71:db:9e
1669924816.530161 4.568054 2412 2462 -80 1055 12:f1:3d:71:db:9e
1669924816.553092 4.590985 2462 2437 -83 1056 12:f1:3d:71:db:9e
1669924816.108806 0.000000 2437 2412 -82 2416 14:7d:da:19:d3:3e
1669924816.119000 0.010194 2412 2412 -79 2417 14:7d:da:19:d3:3e
1669924816.146739 0.037933 2412 2412 -77 2418 14:7d:da:19:d3:3e
1669924816.208662 0.099856 2412 2437 -80 2424 14:7d:da:19:d3:3e
1669924816.219183 0.110377 2437 2437 -78 2425 14:7d:da:19:d3:3e
1669924816.246032 0.137226 2437 2437 -71 2427 14:7d:da:19:d3:3e
1669924816.287119 0.178313 2437 2437 -73 2428 14:7d:da:19:d3:3e
1669924816.392621 0.283815 2437 2462 -86 2435 14:7d:da:19:d3:3e
1669924805.322360 0.000000 2462 2437 -87 170 15:6c:4d:28:6e:1d
1669924821.025622 0.000000 2437 2437 -71 1885 16:0a:d3:a8:56:fb
1669924804.249821 0.000000 2437 2437 -88 596 16:33:53:ee:0c:bf
1669924836.745775 32.495954 2437 2412 -91 599 16:33:53:ee:0c:bf
1669924836.799367 32.549546 2412 2437 -90 601 16:33:53:ee:0c:bf
1669924844.754652 0.000000 2437 2412 -92 617 16:56:3e:37:c8:1c
1669924862.113441 0.000000 2412 2462 -86 1271 16:e0:37:f8:be:2a
1669924801.789202 0.000000 2462 2412 -91 2533 16:e4:88:e3:a9:02
1669924839.458970 0.000000 2412 2462 -86 392 18:cc:18:c8:73:46
1669924807.489052 0.000000 2462 2437 -84 2191 19:55:19:dd:76:c4
1669924847.613657 0.000000 2437 2412 -81 1215 1a:31:1e:ef:6c:b9
1669924847.713809 0.100152 2412 2437 -77 1223 1a:31:1e:ef:6c:b9
1669924847.739300 0.125643 2437 2437 -80 1225 1a:31:1e:ef:6c:b9
1669924847.837084 0.223427 2437 2462 -80 1232 1a:31:1e:ef:6c:b9
1669924801.793289 0.000000 2462 2412 -92 362 1a:33:05:7c:48:35
1669924857.475908 0.000000 2412 2437 -89 3250 1a:47:aa:66:1f:74
1669924860.835486 0.000000 2437 2437 -53 54 1a:90:2a:9a:98:99
1669924819.083419 0.000000 2437 2412 -55 1121 1a:d0:b9:35:30:d1
1669924819.103526 0.020107 2412 2412 -57 1123 1a:d0:b9:35:30:d1
1669924819.244148 0.160729 2412 2412 -60 1127 1a:d0:b9:35:30:d1
1669924819.264111 0.180692 2412 2412 -61 1129 1a:d0:b9:35:30:d1
1669924819.576527 0.493108 2412 2437 -54 1141 1a:d0:b9:35:30:d1
1669924819.658403 0.574984 2437 2437 -50 1143 1a:d0:b9:35:30:d1
1669924819.678739 0.595320 2437 2437 -53 1145 1a:d0:b9:35:30:d1
1669924819.781671 0.698252 2437 2437 -55 1149 1a:d0:b9:35:30:d1
1669924820.065114 0.981695 2437 2462 -52 1159 1a:d0:b9:35:30:d1
1669924820.164670 1.081251 2462 2462 -52 1161 1a:d0:b9:35:30:d1
1669924820.184708 1.101289 2462 2462 -53 1162 1a:d0:b9:35:30:d1
1669924820.308957 1.225538 2462 2412 -59 1163 1a:d0:b9:35:30:d1
1669924820.329081 1.245662 2412 2412 -56 1165 1a:d0:b9:35:30:d1
1669924820.402662 1.319243 2412 2412 -61 1167 1a:d0:b9:35:30:d1
1669924820.421238 1.337819 2412 2412 -62 1169 1a:d0:b9:35:30:d1
1669924820.707571 1.624152 2412 2437 -53 1179 1a:d0:b9:35:30:d1
1669924820.728030 1.644611 2437 2437 -53 1181 1a:d0:b9:35:30:d1
1669924820.831700 1.748281 2437 2437 -52 1185 1a:d0:b9:35:30:d1
1669924820.932924 1.849505 2437 2437 -55 1189 1a:d0:b9:35:30:d1
1669924821.229181 2.145762 2437 2462 -51 1200 1a:d0:b9:35:30:d1
1669924821.304024 2.220605 2462 2462 -51 1201 1a:d0:b9:35:30:d1
1669924821.324236 2.240817 2462 2462 -52 1202 1a:d0:b9:35:30:d1
1669924821.327355 2.243936 2462 2462 -52 3136 1a:d0:b9:35:30:d1
1669924821.329272 2.245853 2462 2462 -52 2985 1a:d0:b9:35:30:d1
1669924838.073541 18.990122 2462 2412 -53 1207 1a:d0:b9:35:30:d1
1669924838.094281 19.010862 2412 2412 -56 1209 1a:d0:b9:35:30:d1
1669924838.185016 19.101597 2412 2412 -59 1211 1a:d0:b9:35:30:d1
1669924838.492894 19.409475 2412 2437 -50 1223 1a:d0:b9:35:30:d1
1669924838.512474 19.429055 2437 2437 -50 1225 1a:d0:b9:35:30:d1
1669924838.622912 19.539493 2437 2437 -49 1229 1a:d0:b9:35:30:d1
1669924838.697272 19.613853 2437 2437 -53 1231 1a:d0:b9:35:30:d1
1669924838.970375 19.886956 2437 2462 -67 1243 1a:d0:b9:35:30:d1
1669924839.061498 19.978079 2462 2462 -53 1248 1a:d0:b9:35:30:d1
1669924839.160978 20.077559 2462 2462 -51 1251 1a:d0:b9:35:30:d1
1669924839.309283 20.225864 2462 2412 -55 1254 1a:d0:b9:35:30:d1
1669924839.328480 20.245061 2412 2412 -55 1256 1a:d0:b9:35:30:d1
1669924839.329759 20.246340 2412 2412 -54 1256 1a:d0:b9:35:30:d1
1669924839.413451 20.330032 2412 2412 -59 1260 1a:d0:b9:35:30:d1
1669924839.433600 20.350181 2412 2412 -59 1262 1a:d0:b9:35:30:d1
1669924839.536396 20.452977 2412 2412 -72 1268 1a:d0:b9:35:30:d1
1669924839.687685 20.604266 2412 2437 -59 1274 1a:d0:b9:35:30:d1
1669924839.822324 20.738905 2437 2437 -51 296 1a:d0:b9:35:30:d1
1669924839.972150 20.888731 2437 2437 -50 1284 1a:d0:b9:35:30:d1
1669924839.991751 20.908332 2437 2437 -49 1286 1a:d0:b9:35:30:d1
1669924840.129423 21.046004 2437 2437 -54 1290 1a:d0:b9:35:30:d1
1669924840.149527 21.066108 2437 2437 -52 1292 1a:d0:b9:35:30:d1
1669924840.354415 21.270996 2437 2462 -65 1304 1a:d0:b9:35:30:d1
1669924840.638747 21.555328 2462 2462 -54 1312 1a:d0:b9:35:30:d1
1669924859.074647 39.991228 2462 2412 -58 1336 1a:d0:b9:35:30:d1
1669924859.094661 40.011242 2412 2412 -58 1338 1a:d0:b9:35:30:d1
1669924859.200240 40.116821 2412 2412 -62 1351 1a:d0:b9:35:30:d1
1669924859.502242 40.418823 2412 2437 -51 1367 1a:d0:b9:35:30:d1
1669924859.521786 40.438367 2437 2437 -50 1369 1a:d0:b9:35:30:d1
1669924859.601909 40.518490 2437 2437 -48 1371 1a:d0:b9:35:30:d1
1669924859.621470 40.538051 2437 2437 -49 1373 1a:d0:b9:35:30:d1
1669924859.701308 40.617889 2437 2437 -52 1375 1a:d0:b9:35:30:d1
1669924859.721477 40.638058 2437 2437 -53 1377 1a:d0:b9:35:30:d1
1669924859.901435 40.818016 2437 2462 -64 1383 1a:d0:b9:35:30:d1
1669924859.999321 40.915902 2462 2462 -54 1387 1a:d0:b9:35:30:d1
1669924860.020003 40.936584 2462 2462 -52 1388 1a:d0:b9:35:30:d1
1669924860.099393 41.015974 2462 2462 -53 1389 1a:d0:b9:35:30:d1
1669924860.116596 41.033177 2462 2462 -50 1390 1a:d0:b9:35:30:d1
1669924860.241993 41.158574 2462 2412 -60 1391 1a:d0:b9:35:30:d1
1669924860.261909 41.178490 2412 2412 -60 1393 1a:d0:b9:35:30:d1
1669924860.334768 41.251349 2412 2412 -63 1395 1a:d0:b9:35:30:d1
1669924860.634735 41.551316 2412 2437 -50 1407 1a:d0:b9:35:30:d1
1669924860.656687 41.573268 2437 2437 -50 1409 1a:d0:b9:35:30:d1
1669924860.734158 41.650739 2437 2437 -49 1411 1a:d0:b9:35:30:d1
1669924860.754308 41.670889 2437 2437 -49 1413 1a:d0:b9:35:30:d1
1669924860.833520 41.750101 2437 2437 -52 3080 1a:d0:b9:35:30:d1
1669924861.151144 42.067725 2437 2462 -53 1428 1a:d0:b9:35:30:d1
1669924861.228201 42.144782 2462 2462 -51 1429 1a:d0:b9:35:30:d1
1669924861.248387 42.164968 2462 2462 -52 1430 1a:d0:b9:35:30:d1
1669924811.512819 0.000000 2462 2412 -83 3338 1b:f1:2d:2f:7e:6a
1669924849.956388 0.000000 2412 2437 -91 3073 1c:57:1c:9a:35:6b
1669924815.535035 0.000000 2437 2437 -91 2848 1c:57:dc:57:19:eb
1669924860.981643 0.000000 2437 2437 -85 2545 1e:3d:6e:51:98:f7
1669924864.927093 0.000000 2437 2437 -76 1637 1e:89:e3:fc:f1:e7
1669924864.947702 0.020609 2437 2437 -78 1638 1e:89:e3:fc:f1:e7
1669924864.972630 0.045537 2437 2437 -82 1639 1e:89:e3:fc:f1:e7
1669924865.006008 0.078915 2437 2437 -84 1640 1e:89:e3:fc:f1:e7
1669924865.017834 0.090741 2437 2462 -88 1641 1e:89:e3:fc:f1:e7
1669924865.044612 0.117519 2462 2462 -87 1642 1e:89:e3:fc:f1:e7
1669924865.356647 0.429554 2462 2437 -76 1655 1e:89:e3:fc:f1:e7
1669924865.375773 0.448680 2437 2437 -76 1656 1e:89:e3:fc:f1:e7
1669924854.167055 0.000000 2437 2437 -93 3471 1e:c9:50:62:6c:0a
1669924857.684220 0.000000 2437 2437 -88 1454 1e:e8:7d:75:ec:74
1669924862.952611 0.000000 2437 2437 -87 681 22:24:50:28:3f:5c
1669924852.484161 0.000000 2437 2437 -91 307 22:2f:28:0b:42:19
1669924852.509310 0.025149 2437 2437 -89 308 22:2f:28:0b:42:19
1669924867.997455 0.000000 2437 2412 -74 2603 22:31:84:41:8a:67
1669924868.031249 0.033794 2412 2412 -75 2604 22:31:84:41:8a:67
1669924821.039342 0.000000 2412 2412 -86 3442 22:42:53:28:3f:60
1669924852.834535 31.795193 2412 2437 -83 3673 22:42:53:28:3f:60
1669924862.810676 41.771334 2437 2412 -89 3683 22:42:53:28:3f:60
1669924863.094279 42.054937 2412 2437 -86 3695 22:42:53:28:3f:60
1669924805.982389 0.000000 2437 2412 -77 2001 22:8c:74:39:10:09
1669924805.998930 0.016541 2412 2412 -75 2002 22:8c:74:39:10:09
1669924813.507117 0.000000 2412 2412 -89 1907 22:b9:e5:bf:e4:c6
1669924813.691775 0.184658 2412 2437 -92 1915 22:b9:e5:bf:e4:c6
1669924813.748426 0.241309 2437 2462 -90 1917 22:b9:e5:bf:e4:c6
1669924817.034601 3.527484 2462 2462 -89 1918 22:b9:e5:bf:e4:c6
1669924817.054975 3.547858 2462 2462 -88 1919 22:b9:e5:bf:e4:c6
1669924863.556790 0.000000 2462 2437 -91 614 22:c0:90:c0:d9:6b
1669924863.605166 0.048376 2437 2437 -89 615 22:c0:90:c0:d9:6b
1669924824.009761 0.000000 2437 2462 -89 555 26:03:ea:47:b7:48
1669924824.054774 0.045013 2462 2462 -86 556 26:03:ea:47:b7:48
1669924826.147714 2.137953 2462 2437 -88 563 26:03:ea:47:b7:48
1669924826.218227 2.208466 2437 2462 -88 566 26:03:ea:47:b7:48
1669924826.240694 2.230933 2462 2462 -89 567 26:03:ea:47:b7:48
1669924829.284406 5.274645 2462 2437 -85 568 26:03:ea:47:b7:48
1669924829.327107 5.317346 2437 2412 -88 570 26:03:ea:47:b7:48
1669924829.347047 5.337286 2412 2412 -88 571 26:03:ea:47:b7:48
1669924871.940622 47.930861 2412 2462 -86 574 26:03:ea:47:b7:48
1669924820.001804 0.000000 2462 2437 -72 2761 26:0c:c6:dd:1f:68
1669924820.024614 0.022810 2437 2437 -74 1131 26:0c:c6:dd:1f:68
1669924814.731636 0.000000 2437 2437 -92 1584 26:1b:db:28:58:97
1669924814.753728 0.022092 2437 2437 -93 1585 26:1b:db:28:58:97
1669924850.713757 0.000000 2437 2437 -83 914 26:38:82:2e:f9:c7
1669924839.842082 0.000000 2437 2462 -88 2676 26:9b:1c:78:e4:e1
1669924826.315004 0.000000 2462 2437 -84 3366 26:b3:d6:e2:76:7f
1669924804.678512 0.000000 2437 2462 -82 3143 26:d9:75:77:57:29
1669924804.708201 0.029689 2462 2462 -78 3144 26:d9:75:77:57:29
1669924830.159384 0.000000 2462 2437 -90 1105 26:fe:49:d2:bc:9c
1669924863.719059 0.000000 2437 2412 -78 2641 2a:92:30:d6:34:83
1669924827.653886 0.000000 2412 2412 -77 1319 2a:de:e0:26:4c:dc
1669924827.673823 0.019937 2412 2412 -77 1320 2a:de:e0:26:4c:dc
1669924822.670996 0.000000 2412 2412 -88 1377 2a:e3:2e:79:81:af
1669924805.739665 0.000000 2412 2437 -72 1953 2e:12:5a:61:48:35
1669924805.765097 0.025432 2437 2437 -75 1276 2e:12:5a:61:48:35
1669924871.925057 0.000000 2437 2412 -89 3450 2e:5d:f5:6d:da:5a
1669924820.030219 0.000000 2412 2437 -76 1134 2e:63:7b:ae:7f:4d
1669924822.640058 0.000000 2437 2412 -87 1376 2e:e3:2e:79:81:af
1669924822.752000 0.111942 2412 2437 -90 1381 2e:e3:2e:79:81:af
1669924822.795325 0.155267 2437 2462 -89 1383 2e:e3:2e:79:81:af
1669924827.264319 0.000000 2462 2412 -89 1306 32:0a:40:57:8e:df
1669924827.243745 0.000000 2412 2412 -91 3448 32:0a:40:97:e0:6f
1669924827.287190 0.043445 2412 2437 -83 3450 32:0a:40:97:e0:6f
1669924827.308399 0.064654 2437 2437 -81 3451 32:0a:40:97:e0:6f
1669924827.331718 0.087973 2437 2462 -77 3452 32:0a:40:97:e0:6f
1669924827.353105 0.109360 2462 2462 -77 3453 32:0a:40:97:e0:6f
1669924803.369151 0.000000 2462 2412 -92 2178 32:1d:3f:dd:71:03
1669924803.537920 0.168769 2412 2437 -88 2189 32:1d:3f:dd:71:03
1669924803.733674 0.364523 2437 2462 -88 2202 32:1d:3f:dd:71:03
1669924814.792133 11.422982 2462 2462 -90 2279 32:1d:3f:dd:71:03
1669924847.457414 44.088263 2462 2462 -91 2294 32:1d:3f:dd:71:03
1669924854.656664 0.000000 2462 2412 -87 1868 32:d9:72:2d:72:26
1669924854.676325 0.019661 2412 2412 -87 1869 32:d9:72:2d:72:26
1669924853.452815 0.000000 2412 2437 -83 1512 33:12:4e:c1:d7:4b
1669924847.922484 0.000000 2437 2437 -83 333 33:12:a4:66:ee:c1
1669924857.338893 0.000000 2437 2437 -83 3589 33:12:c4:18:cd:2b
1669924827.758827 0.000000 2437 2437 -83 3110 33:ea:1f:68:4f:a1
1669924802.618582 0.000000 2437 2437 -90 164 34:be:10:39:16:7c
1669924806.563097 0.000000 2437 2437 -83 2531 35:b3:f6:f7:4e:d0
1669924834.655910 0.000000 2437 2437 -77 3540 36:6b:b3:58:b7:2b
1669924834.676189 0.020279 2437 2437 -76 3542 36:6b:b3:58:b7:2b
1669924858.508550 0.000000 2437 2437 -89 822 36:ce:d3:a1:b9:46
1669924858.531577 0.023027 2437 2437 -88 823 36:ce:d3:a1:b9:46
1669924863.870423 5.361873 2437 2437 -90 846 36:ce:d3:a1:b9:46
1669924863.882898 5.374348 2437 2437 -86 847 36:ce:d3:a1:b9:46
1669924845.067514 0.000000 2437 2412 -89 2503 36:e6:6d:b7:44:17
1669924854.832245 0.000000 2412 2437 -89 1811 36:fe:36:8d:ee:66
1669924854.855035 0.022790 2437 2437 -86 1812 36:fe:36:8d:ee:66
1669924811.790152 0.000000 2437 2437 -84 189 38:f9:d3:60:f7:d0
1669924811.800670 0.010518 2437 2437 -80 190 38:f9:d3:60:f7:d0
1669924811.836467 0.046315 2437 2437 -73 191 38:f9:d3:60:f7:d0
1669924811.842521 0.052369 2437 2437 -78 192 38:f9:d3:60:f7:d0
1669924811.891568 0.101416 2437 2437 -74 193 38:f9:d3:60:f7:d0
1669924811.926907 0.136755 2437 2437 -70 194 38:f9:d3:60:f7:d0
1669924811.949153 0.159001 2437 2437 -71 195 38:f9:d3:60:f7:d0
1669924812.042147 0.251995 2437 2437 -74 196 38:f9:d3:60:f7:d0
1669924812.052719 0.262567 2437 2437 -77 197 38:f9:d3:60:f7:d0
1669924812.115944 0.325792 2437 2437 -81 198 38:f9:d3:60:f7:d0
1669924812.122962 0.332810 2437 2437 -81 199 38:f9:d3:60:f7:d0
1669924812.152607 0.362455 2437 2437 -75 200 38:f9:d3:60:f7:d0
1669924812.184968 0.394816 2437 2437 -76 201 38:f9:d3:60:f7:d0
1669924812.228752 0.438600 2437 2437 -79 202 38:f9:d3:60:f7:d0
1669924812.250874 0.460722 2437 2437 -79 203 38:f9:d3:60:f7:d0
1669924812.292280 0.502128 2437 2437 -73 204 38:f9:d3:60:f7:d0
1669924812.334746 0.544594 2437 2437 -79 205 38:f9:d3:60:f7:d0
1669924812.363224 0.573072 2437 2437 -86 206 38:f9:d3:60:f7:d0
1669924812.393175 0.603023 2437 2437 -81 207 38:f9:d3:60:f7:d0
1669924812.467900 0.677748 2437 2437 -74 209 38:f9:d3:60:f7:d0
1669924818.038655 0.000000 2437 2437 -86 1040 3a:09:c8:8f:35:c2
1669924818.156890 0.118235 2437 2437 -81 1187 3a:09:c8:8f:35:c2
1669924805.744757 0.000000 2437 2437 -75 1273 3a:26:ac:24:94:1e
1669924805.770615 0.025858 2437 2437 -75 1278 3a:26:ac:24:94:1e
1669924815.181383 0.000000 2437 2462 -80 189 3a:52:d0:b0:57:d7
1669924849.570180 0.000000 2462 2437 -83 6 3a:6b:ab:62:d7:42
1669924871.009813 0.000000 2437 2437 -86 2989 3a:7b:8a:32:35:88
1669924836.785617 0.000000 2437 2437 -83 2619 3a:ba:1b:8d:12:85
1669924807.728385 0.000000 2437 2462 -80 1866 3a:c2:96:04:ec:98
1669924807.753411 0.025026 2462 2462 -80 1867 3a:c2:96:04:ec:98
1669924844.617654 0.000000 2462 2462 -88 586 3a:d5:fe:aa:36:4d
1669924817.343188 0.000000 2462 2462 -83 877 3a:e2:24:51:84:01
1669924817.397547 0.054359 2462 2462 -88 3095 3a:e2:24:51:84:01
1669924867.954548 0.000000 2462 2437 -59 3752 3a:e6:22:e2:dc:00
1669924867.973731 0.019183 2437 2437 -65 3753 3a:e6:22:e2:dc:00
1669924843.482132 0.000000 2437 2437 -86 3494 3c:22:fb:91:cd:46
1669924818.842351 0.000000 2437 2412 -90 2785 3c:a6:f6:46:69:62
1669924844.981993 0.000000 2412 2437 -84 1367 3e:29:16:11:a3:40
1669924814.962653 0.000000 2437 2437 -92 2497 3e:34:84:5e:cd:e8
1669924811.349965 0.000000 2437 2437 -84 2439 3e:75:2b:27:26:9f
1669924811.404969 0.055004 2437 2437 -76 2443 3e:75:2b:27:26:9f
1669924807.070453 0.000000 2437 2437 -92 3039 3e:76:cc:e0:14:47
1669924807.545928 0.000000 2437 2462 -84 3059 3e:76:ec:f2:14:47
1669924807.561373 0.015445 2462 2462 -90 3060 3e:76:ec:f2:14:47
1669924861.973963 54.428035 2462 2437 -93 3117 3e:76:ec:f2:14:47
1669924834.564562 0.000000 2437 2437 -84 4095 3e:cb:a6:51:03:37
1669924820.856526 0.000000 2437 2412 -89 3393 3e:d4:60:30:da:2a
1669924824.507233 0.000000 2412 2462 -74 1197 40:06:7d:2a:21:93
1669924807.923055 0.000000 2462 2462 -74 774 41:0c:dc:e6:44:f3
1669924805.273165 0.000000 2462 2412 -85 3637 42:2f:30:d5:3d:75
1669924851.831892 0.000000 2412 2462 -92 2383 42:33:0f:78:20:6b
1669924845.118500 0.000000 2462 2462 -90 2751 42:60:ed:7d:5d:65
1669924866.066198 0.000000 2462 2462 -92 1107 42:65:f4:d8:65:23
1669924814.031177 0.000000 2462 2462 -85 3644 43:9c:92:b5:b7:b1
1669924857.245099 0.000000 2462 2437 -82 3923 44:85:da:11:cd:e9
1669924814.045941 0.000000 2437 2462 -88 1112 46:1e:8d:17:64:9e
1669924845.083189 0.000000 2462 2437 -84 2354 46:57:da:7f:72:bb
1669924835.675289 0.000000 2437 2412 -88 3055 46:8a:03:43:44:42
1669924850.108087 0.000000 2412 2412 -85 2078 46:90:fd:1a:a5:f5
1669924850.129756 0.021669 2412 2412 -80 2080 46:90:fd:1a:a5:f5
1669924850.131488 0.023401 2412 2412 -80 2081 46:90:fd:1a:a5:f5
1669924850.149357 0.041270 2412 2412 -82 2082 46:90:fd:1a:a5:f5
1669924850.151277 0.043190 2412 2412 -79 2083 46:90:fd:1a:a5:f5
1669924850.169586 0.061499 2412 2412 -83 2084 46:90:fd:1a:a5:f5
1669924850.171464 0.063377 2412 2412 -84 2085 46:90:fd:1a:a5:f5
1669924850.523864 0.415777 2412 2437 -81 2104 46:90:fd:1a:a5:f5
1669924850.526389 0.418302 2437 2437 -76 2105 46:90:fd:1a:a5:f5
1669924850.544829 0.436742 2437 2437 -81 2106 46:90:fd:1a:a5:f5
1669924850.874460 0.766373 2437 2462 -75 2124 46:90:fd:1a:a5:f5
1669924850.875432 0.767345 2462 2462 -74 2125 46:90:fd:1a:a5:f5
1669924850.895683 0.787596 2462 2462 -80 2126 46:90:fd:1a:a5:f5
1669924850.897511 0.789424 2462 2462 -78 2127 46:90:fd:1a:a5:f5
1669924854.412438 4.304351 2462 2412 -89 2162 46:90:fd:1a:a5:f5
1669924854.414238 4.306151 2412 2412 -91 2163 46:90:fd:1a:a5:f5
1669924854.434490 4.326403 2412 2412 -84 2165 46:90:fd:1a:a5:f5
1669924854.453366 4.345279 2412 2412 -84 2166 46:90:fd:1a:a5:f5
1669924854.455219 4.347132 2412 2412 -84 2167 46:90:fd:1a:a5:f5
1669924854.818639 4.710552 2412 2437 -78 2201 46:90:fd:1a:a5:f5
1669924854.839342 4.731255 2437 2437 -78 2202 46:90:fd:1a:a5:f5
1669924854.841168 4.733081 2437 2437 -74 2203 46:90:fd:1a:a5:f5
1669924854.858673 4.750586 2437 2437 -84 2204 46:90:fd:1a:a5:f5
1669924854.860379 4.752292 2437 2437 -83 2205 46:90:fd:1a:a5:f5
1669924854.880541 4.772454 2437 2437 -78 2207 46:90:fd:1a:a5:f5
1669924854.935689 4.827602 2437 2437 -76 2213 46:90:fd:1a:a5:f5
1669924855.230393 5.122306 2437 2462 -90 2240 46:90:fd:1a:a5:f5
1669924855.251572 5.143485 2462 2462 -86 2242 46:90:fd:1a:a5:f5
1669924855.271608 5.163521 2462 2462 -85 2244 46:90:fd:1a:a5:f5
1669924855.291809 5.183722 2462 2462 -88 2246 46:90:fd:1a:a5:f5
1669924807.366139 0.000000 2462 2412 -86 3617 46:af:34:ee:59:7b
1669924854.834441 0.000000 2412 2437 -81 2934 46:f5:41:25:94:8d
1669924856.402148 0.000000 2437 2462 -90 496 48:e7:da:5d:3b:df
1669924844.799915 0.000000 2462 2437 -92 3109 4a:2c:41:ca:5d:ea
1669924853.378914 0.000000 2437 2437 -91 3370 4a:34:aa:9c:d5:d0
1669924815.423505 0.000000 2437 2412 -85 3736 4a:5a:2a:2d:6f:47
1669924836.570380 0.000000 2412 2437 -84 4053 4a:90:5d:3b:8a:6a
1669924815.367844 0.000000 2437 2462 -90 545 4a:a6:1f:31:35:2b
1669924863.550195 48.182351 2462 2412 -87 2318 4a:a6:1f:31:35:2b
1669924863.594920 48.227076 2412 2462 -75 2320 4a:a6:1f:31:35:2b
1669924863.626292 48.258448 2462 2437 -75 2321 4a:a6:1f:31:35:2b
1669924863.641570 48.273726 2437 2437 -77 2322 4a:a6:1f:31:35:2b
1669924863.715867 48.348023 2437 2462 -81 2325 4a:a6:1f:31:35:2b
1669924863.736545 48.368701 2462 2462 -80 2326 4a:a6:1f:31:35:2b
1669924863.811457 48.443613 2462 2437 -75 2329 4a:a6:1f:31:35:2b
1669924863.832239 48.464395 2437 2437 -76 2330 4a:a6:1f:31:35:2b
1669924850.274342 0.000000 2437 2437 -90 3812 4a:da:61:8a:ef:99
1669924850.286551 0.012209 2437 2437 -89 3815 4a:da:61:8a:ef:99
1669924850.290080 0.015738 2437 2437 -92 3817 4a:da:61:8a:ef:99
1669924867.937352 0.000000 2437 2462 -90 882 4a:ea:f4:c0:d7:68
1669924842.207855 0.000000 2462 2412 -68 307 4c:bb:58:e1:9c:98
1669924842.471656 0.263801 2412 2437 -67 311 4c:bb:58:e1:9c:98
1669924842.501630 0.293775 2437 2437 -66 312 4c:bb:58:e1:9c:98
1669924842.769619 0.561764 2437 2462 -65 316 4c:bb:58:e1:9c:98
1669924843.033110 0.825255 2462 2437 -66 320 4c:bb:58:e1:9c:98
1669924843.302842 1.094987 2437 2412 -70 323 4c:bb:58:e1:9c:98
1669924844.158861 1.951006 2412 2437 -64 335 4c:bb:58:e1:9c:98
1669924844.992765 2.784910 2437 2462 -71 347 4c:bb:58:e1:9c:98
1669924814.150506 0.000000 2462 2437 -83 2486 4d:90:a5:36:7f:69
1669924850.491716 0.000000 2437 2437 -83 2570 4d:d7:93:d4:31:6b
1669924834.701434 0.000000 2437 2412 -80 2667 4e:1b:e0:a9:e2:f5
1669924834.721706 0.020272 2412 2412 -81 2669 4e:1b:e0:a9:e2:f5
1669924813.072623 0.000000 2412 2437 -87 387 4e:21:ae:87:9a:4b
1669924813.082878 0.010255 2437 2437 -92 388 4e:21:ae:87:9a:4b
1669924844.801542 0.000000 2437 2437 -89 2568 4e:51:69:2e:fa:52
1669924861.971573 0.000000 2437 2437 -85 2710 4e:67:71:aa:38:eb
1669924862.000725 0.029152 2437 2437 -87 2711 4e:67:71:aa:38:eb
1669924804.322278 0.000000 2437 2462 -88 386 4e:6d:be:04:96:e5
1669924860.676920 0.000000 2462 2437 -78 2835 4e:81:0b:59:8a:69
1669924864.805509 0.000000 2437 2462 -79 3222 4e:83:cd:35:86:61
1669924805.269250 0.000000 2462 2412 -84 1598 4e:b9:2f:e4:d1:2d
1669924818.747465 0.000000 2412 2437 -85 2834 4e:ba:6b:86:12:3b
1669924855.914194 0.000000 2437 2437 -88 2787 4e:e8:ba:ad:fb:83
1669924855.944870 0.030676 2437 2437 -86 2788 4e:e8:ba:ad:fb:83
1669924817.280334 0.000000 2437 2437 -92 548 51:63:0e:43:e7:ae
1669924865.643381 0.000000 2437 2412 -90 3143 52:10:e5:9c:9b:9b
1669924865.664860 0.021479 2412 2412 -92 3144 52:10:e5:9c:9b:9b
1669924837.744142 0.000000 2412 2437 -87 2492 52:24:23:6c:92:a5
1669924837.745394 0.001252 2437 2437 -87 2493 52:24:23:6c:92:a5
1669924850.266703 12.522561 2437 2437 -76 2528 52:24:23:6c:92:a5
1669924850.267429 12.523287 2437 2437 -78 2529 52:24:23:6c:92:a5
1669924850.321277 12.577135 2437 2437 -78 2530 52:24:23:6c:92:a5
1669924850.322233 12.578091 2437 2437 -77 2531 52:24:23:6c:92:a5
1669924850.492908 12.748766 2437 2462 -85 2534 52:24:23:6c:92:a5
1669924850.493608 12.749466 2462 2462 -85 2535 52:24:23:6c:92:a5
1669924857.336632 19.592490 2462 2437 -80 2546 52:24:23:6c:92:a5
1669924857.383874 19.639732 2437 2437 -76 2548 52:24:23:6c:92:a5
1669924857.384509 19.640367 2437 2437 -76 2549 52:24:23:6c:92:a5
1669924857.547588 19.803446 2437 2462 -85 2552 52:24:23:6c:92:a5
1669924857.548283 19.804141 2462 2462 -86 2553 52:24:23:6c:92:a5
1669924867.749103 30.004961 2462 2437 -78 2564 52:24:23:6c:92:a5
1669924867.957955 30.213813 2437 2462 -84 2570 52:24:23:6c:92:a5
1669924867.958593 30.214451 2462 2462 -85 2571 52:24:23:6c:92:a5
1669924823.701953 0.000000 2462 2462 -81 1424 52:36:93:1e:79:cd
1669924872.908735 0.000000 2462 2462 -93 3156 52:39:fa:e7:69:56
1669924806.759967 0.000000 2462 2437 -90 2137 52:8f:4c:f0:0f:2a
1669924806.779829 0.019862 2437 2437 -89 2138 52:8f:4c:f0:0f:2a
1669924809.568016 0.000000 2437 2437 -80 3170 52:ba:b5:1f:ee:5f
1669924809.577243 0.009227 2437 2437 -79 2682 52:ba:b5:1f:ee:5f
1669924803.798198 0.000000 2437 2437 -86 1247 52:fc:45:2c:af:66
1669924806.133357 0.000000 2437 2462 -89 1047 54:91:6d:16:38:67
1669924817.346828 0.000000 2462 2462 -83 1803 56:0a:a4:3f:3d:c2
1669924817.400248 0.053420 2462 2462 -86 3097 56:0a:a4:3f:3d:c2
1669924850.492231 0.000000 2462 2462 -88 3520 56:4f:ff:85:28:bf
1669924850.512380 0.000000 2462 2462 -88 3524 56:4f:ff:85:28:ff
1669924835.141624 0.000000 2462 2412 -89 3973 56:ba:91:9b:26:1a
1669924815.394104 0.000000 2412 2412 -84 438 56:d7:6d:73:fb:ff
1669924812.968627 0.000000 2412 2412 -90 3706 5a:00:43:39:18:b7
1669924812.991311 0.022684 2412 2412 -89 3707 5a:00:43:39:18:b7
1669924813.028526 0.059899 2412 2437 -80 3708 5a:00:43:39:18:b7
1669924813.033553 0.064926 2437 2437 -84 3709 5a:00:43:39:18:b7
1669924813.093239 0.124612 2437 2462 -90 3711 5a:00:43:39:18:b7
1669924807.306567 0.000000 2462 2412 -86 910 5a:31:a0:af:fa:c4
1669924854.785994 0.000000 2412 2437 -72 3977 5a:93:d5:8f:d4:ac
1669924854.758626 0.000000 2437 2437 -74 907 5a:d3:38:b8:7e:17
1669924828.243253 0.000000 2437 2412 -89 3525 5a:f9:88:96:3e:9f
1669924839.624460 0.000000 2412 2437 -84 104 5e:52:93:d3:93:66
1669924839.644926 0.020466 2437 2437 -83 105 5e:52:93:d3:93:66
1669924802.092470 0.000000 2437 2462 -85 281 5e:a8:91:a4:cf:6d
1669924844.092134 0.000000 2462 2412 -77 1280 5e:b2:26:54:ea:2c
1669924844.112215 0.020081 2412 2412 -77 1282 5e:b2:26:54:ea:2c
1669924845.169280 0.000000 2412 2437 -80 2445 62:91:26:f5:d7:da
1669924863.561342 0.000000 2437 2462 -85 1205 62:c2:01:62:c3:72
1669924863.592370 0.031028 2462 2462 -83 1206 62:c2:01:62:c3:72
1669924801.907205 0.000000 2462 2437 -90 1037 62:c8:08:db:23:89
1669924801.915869 0.008664 2437 2437 -90 1252 62:c8:08:db:23:89
1669924855.168708 0.000000 2437 2437 -65 3565 65:d2:e1:03:b3:4b
1669924859.007098 0.000000 2437 2412 -93 2415 66:1c:14:9a:4e:04
1669924870.062411 0.000000 2412 2437 -90 469 66:7d:10:63:fd:40
1669924854.998781 0.000000 2437 2462 -94 3256 66:b2:ba:f2:77:a8
1669924845.511668 0.000000 2462 2437 -89 2914 6a:54:ea:df:da:38
1669924808.906593 0.000000 2437 2462 -88 660 6a:66:4a:e0:e7:28
1669924809.171998 0.265405 2462 2437 -82 670 6a:66:4a:e0:e7:28
1669924812.201609 3.295016 2437 2462 -87 676 6a:66:4a:e0:e7:28
1669924812.278173 3.371580 2462 2437 -87 679 6a:66:4a:e0:e7:28
1669924812.305123 3.398530 2437 2437 -84 680 6a:66:4a:e0:e7:28
1669924812.581400 3.674807 2437 2437 -81 692 6a:66:4a:e0:e7:28
1669924812.650546 3.743953 2437 2412 -88 695 6a:66:4a:e0:e7:28
1669924867.637654 58.731061 2412 2462 -92 3095 6a:66:4a:e0:e7:28
1669924858.850818 0.000000 2462 2437 -81 3728 6a:b6:95:8a:7c:59
1669924865.349325 0.000000 2437 2462 -94 2757 6a:d9:4f:be:5c:45
1669924828.998201 0.000000 2462 2437 -83 3678 6e:31:e2:50:83:c6
1669924807.945160 0.000000 2437 2462 -90 1066 6e:49:87:a0:72:0b
1669924808.127536 0.182376 2462 2437 -88 1069 6e:49:87:a0:72:0b
1669924812.113550 4.168390 2437 2437 -85 1088 6e:49:87:a0:72:0b
1669924812.261370 4.316210 2437 2412 -86 1098 6e:49:87:a0:72:0b
1669924820.311207 12.366047 2412 2437 -75 1137 6e:49:87:a0:72:0b
1669924820.329206 12.384046 2437 2437 -77 1138 6e:49:87:a0:72:0b
1669924820.388050 12.442890 2437 2412 -86 1142 6e:49:87:a0:72:0b
1669924820.590424 12.645264 2412 2462 -86 1157 6e:49:87:a0:72:0b
1669924820.601094 12.655934 2462 2462 -85 1158 6e:49:87:a0:72:0b
1669924824.528531 16.583371 2462 2437 -88 1195 6e:49:87:a0:72:0b
1669924824.539311 16.594151 2437 2437 -86 1196 6e:49:87:a0:72:0b
1669924824.608975 16.663815 2437 2462 -79 1201 6e:49:87:a0:72:0b
1669924824.619692 16.674532 2462 2462 -87 1202 6e:49:87:a0:72:0b
1669924836.579619 28.634459 2462 2437 -87 1227 6e:49:87:a0:72:0b
1669924843.975275 0.000000 2437 2437 -92 1443 6e:82:9b:95:53:c8
1669924843.997062 0.021787 2437 2437 -93 1444 6e:82:9b:95:53:c8
1669924834.028087 0.000000 2437 2437 -88 1726 6e:c6:c5:ca:75:2e
1669924826.805982 0.000000 2437 2437 -81 198 70:b3:17:96:de:e1
1669924862.981463 0.000000 2437 2412 -88 349 70:b3:17:a0:49:a2
1669924869.527961 0.000000 2412 2462 -80 4095 70:b3:17:a0:53:c1
1669924858.743933 0.000000 2462 2462 -91 1024 70:b3:17:c0:42:c1
1669924868.784360 0.000000 2462 2462 -88 1801 70:b3:17:c0:42:c2
1669924816.265176 0.000000 2462 2462 -91 1238 70:b3:17:c0:42:c4
1669924855.166220 0.000000 2462 2462 -87 1682 71:01:56:5e:ed:7d
1669924862.913551 0.000000 2462 2462 -87 3665 71:a8:cf:4c:a8:4e
1669924854.866201 0.000000 2462 2462 -84 3945 72:03:8b:65:52:10
1669924854.867605 0.001404 2462 2462 -82 3946 72:03:8b:65:52:10
1669924803.546171 0.000000 2462 2437 -85 3013 72:31:9f:e5:51:24
1669924860.382408 0.000000 2437 2462 -84 3629 72:77:57:6f:fc:22
1669924805.857724 0.000000 2462 2437 -79 322 72:7e:98:f5:fd:94
1669924805.890004 0.032280 2437 2462 -86 324 72:7e:98:f5:fd:94
1669924815.713909 9.856185 2462 2437 -85 346 72:7e:98:f5:fd:94
1669924815.723456 9.865732 2437 2437 -87 347 72:7e:98:f5:fd:94
1669924815.747610 9.889886 2437 2462 -78 349 72:7e:98:f5:fd:94
1669924821.043473 0.000000 2462 2437 -86 3928 72:97:3d:fc:40:4f
1669924805.738089 0.000000 2437 2437 -71 437 72:9e:7f:0b:c5:4a
1669924805.763806 0.025717 2437 2437 -75 1275 72:9e:7f:0b:c5:4a
1669924840.983952 0.000000 2437 2437 -89 1715 72:a8:db:06:5e:9a
1669924806.121760 0.000000 2437 2437 -86 2496 72:b2:f1:43:4c:3f
1669924806.143356 0.021596 2437 2437 -89 2497 72:b2:f1:43:4c:3f
1669924844.246326 0.000000 2437 2462 -85 3379 72:bb:b4:5f:fb:4e
1669924818.016563 0.000000 2462 2437 -86 500 72:e3:31:df:84:1b
1669924818.151564 0.135001 2437 2437 -80 1184 72:e3:31:df:84:1b
1669924805.290846 0.000000 2437 2437 -84 167 74:70:fd:2d:1d:75
1669924805.294559 0.003713 2437 2437 -83 168 74:70:fd:2d:1d:75
1669924805.550582 0.259736 2437 2462 -88 180 74:70:fd:2d:1d:75
1669924804.577148 0.000000 2462 2437 -87 1642 76:07:c3:b2:62:a7
1669924806.122986 0.000000 2437 2437 -81 2833 76:43:55:2a:e6:a5
1669924806.124129 0.001143 2437 2437 -81 2834 76:43:55:2a:e6:a5
1669924815.395677 0.000000 2437 2412 -84 1449 76:55:5e:68:36:03
1669924805.274400 0.000000 2412 2412 -87 3064 76:cf:04:c4:c5:00
1669924854.787718 0.000000 2412 2437 -88 2003 76:fd:37:dd:9c:7e
1669924817.220018 0.000000 2437 2412 -89 1000 7a:2d:67:6d:47:5e
1669924804.607126 0.000000 2412 2412 -90 1129 7a:44:16:d8:c7:59
1669924807.304531 0.000000 2412 2412 -89 2600 7a:47:1d:66:3a:f1
1669924807.361545 0.057014 2412 2412 -86 3615 7a:47:1d:66:3a:f1
1669924803.946991 0.000000 2412 2437 -82 1564 7a:8c:7f:63:fe:76
1669924837.993825 0.000000 2437 2437 -82 2065 7b:d7:58:66:08:5a
1669924822.364868 0.000000 2437 2412 -87 2241 7e:57:92:8e:f1:1c
1669924822.439864 0.074996 2412 2437 -79 2244 7e:57:92:8e:f1:1c
1669924863.797392 0.000000 2437 2437 -87 548 7e:5b:0a:4f:f4:4b
1669924863.809169 0.011777 2437 2437 -87 549 7e:5b:0a:4f:f4:4b
1669924830.219863 0.000000 2437 2462 -87 1613 7e:dc:97:29:d9:aa
1669924872.302722 42.082859 2462 2462 -89 1705 7e:dc:97:29:d9:aa
1669924819.567396 0.000000 2462 2462 -91 284 7e:e5:69:8e:ae:d7
1669924819.645614 0.078218 2462 2437 -90 285 7e:e5:69:8e:ae:d7
1669924846.385854 0.000000 2437 2437 -83 1970 7f:d7:18:0d:8a:82
1669924808.744202 0.000000 2437 2437 -77 3479 80:8a:bd:24:18:59
1669924808.863086 0.118884 2437 2437 -83 3484 80:8a:bd:24:18:59
1669924809.064765 0.320563 2437 2462 -81 3493 80:8a:bd:24:18:59
1669924809.132679 0.388477 2462 2462 -80 3496 80:8a:bd:24:18:59
1669924809.134943 0.390741 2462 2462 -80 3497 80:8a:bd:24:18:59
1669924809.137190 0.392988 2462 2462 -80 3498 80:8a:bd:24:18:59
1669924809.201117 0.456915 2462 2462 -80 3499 80:8a:bd:24:18:59
1669924809.203339 0.459137 2462 2462 -79 3500 80:8a:bd:24:18:59
1669924870.481476 61.737274 2462 2412 -81 3360 80:8a:bd:24:18:59
1669924870.483796 61.739594 2412 2412 -84 3506 80:8a:bd:24:18:59
1669924870.486007 61.741805 2412 2412 -82 3507 80:8a:bd:24:18:59
1669924870.545225 61.801023 2412 2412 -83 3508 80:8a:bd:24:18:59
1669924870.745593 62.001391 2412 2437 -75 3519 80:8a:bd:24:18:59
1669924870.806900 62.062698 2437 2437 -80 3520 80:8a:bd:24:18:59
1669924870.809116 62.064914 2437 2437 -81 3521 80:8a:bd:24:18:59
1669924870.812014 62.067812 2437 2437 -82 3522 80:8a:bd:24:18:59
1669924870.873549 62.129347 2437 2437 -83 3523 80:8a:bd:24:18:59
1669924867.638906 0.000000 2437 2437 -93 3364 80:8a:bd:24:1d:f8
1669924823.805093 0.000000 2437 2412 -83 3274 80:8a:bd:24:33:9a
1669924824.125628 0.320535 2412 2437 -79 3287 80:8a:bd:24:33:9a
1669924824.127801 0.322708 2437 2437 -80 3288 80:8a:bd:24:33:9a
1669924824.130084 0.324991 2437 2437 -79 3289 80:8a:bd:24:33:9a
1669924824.188784 0.383691 2437 2437 -77 3290 80:8a:bd:24:33:9a
1669924824.379485 0.574392 2437 2462 -82 3299 80:8a:bd:24:33:9a
1669924824.383984 0.578891 2462 2462 -82 3301 80:8a:bd:24:33:9a
1669924824.443789 0.638696 2462 2462 -78 3302 80:8a:bd:24:33:9a
1669924824.446005 0.640912 2462 2462 -77 3303 80:8a:bd:24:33:9a
1669924824.509482 0.704389 2462 2462 -78 3306 80:8a:bd:24:33:9a
1669924824.511716 0.706623 2462 2462 -78 3307 80:8a:bd:24:33:9a
1669924817.229638 0.000000 2462 2437 -77 3130 80:8a:bd:24:33:aa
1669924817.508831 0.279193 2437 2462 -84 3145 80:8a:bd:24:33:aa
1669924824.587411 0.000000 2462 2437 -91 1050 80:8a:bd:24:4e:80
1669924826.524900 0.000000 2437 2437 -83 3379 81:46:f5:f7:65:0e
1669924824.784097 0.000000 2437 2437 -87 3877 81:8a:5c:3b:8a:b4
1669924802.670793 0.000000 2437 2437 -83 1869 81:8a:c4:f8:76:c3
1669924820.003147 0.000000 2437 2437 -71 3256 82:35:49:ff:25:0b
1669924820.025854 0.022707 2437 2437 -75 1132 82:35:49:ff:25:0b
1669924818.719168 0.000000 2437 2437 -83 579 82:88:0a:ea:6a:b2
1669924841.990948 0.000000 2437 2437 -84 3893 82:a7:56:cc:63:17
1669924842.011581 0.020633 2437 2437 -90 3894 82:a7:56:cc:63:17
1669924805.783680 0.000000 2437 2437 -77 842 82:b1:e6:93:f8:28
1669924805.804425 0.020745 2437 2437 -77 3725 82:b1:e6:93:f8:28
1669924850.811419 0.000000 2437 2437 -90 681 82:df:65:d2:cd:89
1669924821.325597 0.000000 2437 2462 -52 328 85:bc:02:af:4f:f6
1669924820.028822 0.000000 2462 2437 -76 1133 86:67:59:88:de:d6
1669924859.062621 0.000000 2437 2437 -81 701 86:9b:9f:a6:90:0f
1669924820.992182 0.000000 2437 2462 -86 1906 86:e3:eb:28:77:2c
1669924817.934987 0.000000 2462 2437 -92 1770 86:f7:bd:bb:27:81
1669924847.595798 0.000000 2437 2412 -83 5 88:4a:22:45:ca:20
1669924870.139467 0.000000 2412 2437 -82 3956 88:6c:d3:f7:65:0c
1669924820.129708 0.000000 2437 2462 -86 1577 89:4d:c0:a3:3f:13
1669924823.456182 0.000000 2462 2437 -90 3867 8a:0f:e0:11:ab:49
1669924845.124667 0.000000 2437 2462 -92 762 8a:6f:76:66:65:5b
1669924813.100061 0.000000 2462 2462 -85 3243 8a:a1:9c:bb:1a:3b
1669924813.120586 0.020525 2462 2462 -87 3244 8a:a1:9c:bb:1a:3b
1669924820.336154 0.000000 2462 2462 -88 3540 8a:a5:f9:75:42:db
1669924820.355582 0.019428 2462 2462 -85 3541 8a:a5:f9:75:42:db
1669924845.779507 0.000000 2462 2462 -88 2377 8a:ce:62:1b:c7:53
1669924845.796903 0.017396 2462 2462 -93 2378 8a:ce:62:1b:c7:53
1669924854.722215 0.000000 2462 2437 -77 2117 8a:e5:a6:ca:3f:d5
1669924804.033446 0.000000 2437 2462 -81 741 8a:e9:66:be:ac:e1
1669924804.049975 0.016529 2462 2462 -84 742 8a:e9:66:be:ac:e1
1669924870.237064 0.000000 2462 2437 -91 479 8c:55:4a:39:19:c1
1669924809.698016 0.000000 2437 2412 -75 1871 8e:48:ab:be:46:ff
1669924809.718286 0.020270 2412 2412 -77 1873 8e:48:ab:be:46:ff
1669924805.736689 0.000000 2412 2437 -71 349 8e:4e:60:36:ef:5b
1669924844.410532 0.000000 2437 2412 -77 1237 8e:6b:b3:26:47:17
1669924864.944897 0.000000 2412 2437 -75 289 8e:d4:07:79:17:ec
1669924864.965402 0.020505 2437 2437 -78 290 8e:d4:07:79:17:ec
1669924864.949906 0.000000 2437 2437 -71 2169 8e:db:b8:16:f8:b0
1669924854.578288 0.000000 2437 2437 -90 1319 90:40:83:54:84:23
1669924824.574192 0.000000 2437 2437 -85 3328 90:a0:82:2e:cd:87
1669924857.909385 0.000000 2437 2437 -63 1200 90:c2:64:81:ab:15
1669924826.478194 0.000000 2437 2462 -91 2429 92:56:59:02:34:23
1669924812.423777 0.000000 2462 2462 -88 2299 92:56:59:82:5e:dc
1669924812.431214 0.007437 2462 2462 -87 2300 92:56:59:82:5e:dc
1669924826.060157 13.636380 2462 2412 -89 2399 92:56:59:82:5e:dc
1669924840.180349 27.756572 2412 2437 -93 2648 92:56:59:82:5e:dc
1669924848.137162 0.000000 2437 2437 -86 2303 92:9a:7b:2e:13:46
1669924848.151236 0.014074 2437 2462 -92 2304 92:9a:7b:2e:13:46
1669924848.160948 0.023786 2462 2462 -90 2305 92:9a:7b:2e:13:46
1669924827.436277 0.000000 2462 2437 -83 1031 94:cd:62:fa:76:c0
1669924854.188869 0.000000 2437 2437 -83 3688 94:cd:81:ae:40:09
1669924810.803124 0.000000 2437 2437 -89 53 94:e7:0b:fe:0d:bc
1669924854.800894 0.000000 2437 2462 -78 1316 96:1d:24:e7:52:51
1669924854.822945 0.022051 2462 2462 -83 1317 96:1d:24:e7:52:51
1669924858.933505 0.000000 2462 2462 -82 511 96:63:d5:d4:36:b4
1669924806.145729 0.000000 2462 2412 -82 1311 96:a2:ff:f2:08:21
1669924806.159666 0.013937 2412 2412 -86 2673 96:a2:ff:f2:08:21
1669924811.644716 0.000000 2412 2412 -86 2606 9a:00:6f:44:39:77
1669924811.663109 0.018393 2412 2412 -87 2607 9a:00:6f:44:39:77
1669924827.791760 0.000000 2412 2437 -72 518 9a:16:a6:5a:81:cc
1669924827.813717 0.021957 2437 2437 -73 520 9a:16:a6:5a:81:cc
1669924820.288485 0.000000 2437 2412 -86 1761 9a:2e:34:c2:10:4f
1669924845.068723 0.000000 2412 2412 -91 1426 9a:5e:3f:b8:49:b0
1669924803.098158 0.000000 2412 2412 -89 2164 9a:67:69:9f:b3:02
1669924803.121672 0.023514 2412 2437 -83 2165 9a:67:69:9f:b3:02
1669924803.131036 0.032878 2437 2437 -85 2166 9a:67:69:9f:b3:02
1669924803.146459 0.048301 2437 2462 -90 2167 9a:67:69:9f:b3:02
1669924803.155912 0.057754 2462 2462 -87 2168 9a:67:69:9f:b3:02
1669924813.252346 0.000000 2462 2412 -92 4022 9e:25:e6:75:a9:04
1669924805.875556 0.000000 2412 2412 -75 2611 9e:2d:bc:a7:e7:46
1669924805.895802 0.020246 2412 2412 -75 1403 9e:2d:bc:a7:e7:46
1669924803.534653 0.000000 2412 2437 -84 981 9e:72:ae:32:ca:61
1669924811.348675 0.000000 2437 2437 -85 812 9e:f8:c2:cc:6a:b1
1669924811.403597 0.054922 2437 2437 -78 2442 9e:f8:c2:cc:6a:b1
1669924865.576946 0.000000 2437 2437 -90 3721 a2:0d:5e:22:a5:68
1669924820.007466 0.000000 2437 2437 -77 1130 a2:16:ea:70:1c:28
1669924820.031519 0.024053 2437 2437 -76 1135 a2:16:ea:70:1c:28
1669924863.612537 0.000000 2437 2437 -75 1817 a2:19:d9:3d:72:5a
1669924863.645395 0.032858 2437 2437 -74 1818 a2:19:d9:3d:72:5a
1669924842.872689 0.000000 2437 2437 -90 1208 a2:22:1f:d1:fe:b7
1669924815.276893 0.000000 2437 2437 -83 3036 a2:2b:7b:f3:5c:e3
1669924811.621402 0.000000 2437 2462 -77 606 a2:ac:6d:55:3c:f7
1669924807.289395 0.000000 2462 2437 -82 3945 a5:8a:5c:bb:55:4e
1669924828.090795 0.000000 2437 2462 -79 861 a6:56:80:39:25:81
1669924828.111493 0.020698 2462 2462 -81 862 a6:56:80:39:25:81
1669924827.608460 0.000000 2462 2462 -83 4020 a6:97:dc:05:6d:41
1669924827.628729 0.020269 2462 2462 -82 4022 a6:97:dc:05:6d:41
1669924810.819295 0.000000 2462 2437 -86 3658 a6:a2:cb:77:7f:6a
1669924866.441841 0.000000 2437 2462 -88 980 a6:a8:0b:d0:a5:04
1669924868.042281 0.000000 2462 2462 -62 1498 a6:cf:ae:5f:d2:71
1669924868.062556 0.020275 2462 2462 -67 1499 a6:cf:ae:5f:d2:71
1669924810.980146 0.000000 2462 2412 -36 3208 a8:86:60:da:7d:7b
1669924810.982142 0.001996 2412 2412 -37 3209 a8:86:60:da:7d:7b
1669924811.064349 0.084203 2412 2412 -34 3210 a8:86:60:da:7d:7b
1669924811.064369 0.084223 2412 2462 -80 3210 a8:86:60:da:7d:7b
1669924811.148871 0.168725 2462 2462 -78 3212 a8:86:60:da:7d:7b
1669924811.150925 0.170779 2462 2462 -79 3213 a8:86:60:da:7d:7b
1669924811.213751 0.233605 2462 2462 -79 3214 a8:86:60:da:7d:7b
1669924811.277968 0.297822 2462 2437 -27 3216 a8:86:60:da:7d:7b
1669924811.279974 0.299828 2437 2437 -27 3217 a8:86:60:da:7d:7b
1669924811.279994 0.299848 2437 2462 -75 3217 a8:86:60:da:7d:7b
1669924811.342000 0.361854 2462 2412 -70 3218 a8:86:60:da:7d:7b
1669924811.342020 0.361874 2412 2462 -72 3218 a8:86:60:da:7d:7b
1669924811.344574 0.364428 2462 2412 -70 3219 a8:86:60:da:7d:7b
1669924811.344594 0.364448 2412 2437 -27 3219 a8:86:60:da:7d:7b
1669924811.446628 0.466482 2437 2437 -29 3220 a8:86:60:da:7d:7b
1669924811.448546 0.468400 2437 2437 -29 3221 a8:86:60:da:7d:7b
1669924811.510763 0.530617 2437 2412 -76 3222 a8:86:60:da:7d:7b
1669924811.659750 0.679604 2412 2437 -64 3226 a8:86:60:da:7d:7b
1669924811.661749 0.681603 2437 2462 -27 3227 a8:86:60:da:7d:7b
1669924811.724151 0.744005 2462 2412 -87 3228 a8:86:60:da:7d:7b
1669924811.724171 0.744025 2412 2462 -26 3228 a8:86:60:da:7d:7b
1669924811.726298 0.746152 2462 2462 -25 3229 a8:86:60:da:7d:7b
1669924830.974324 19.994178 2462 2412 -36 3248 a8:86:60:da:7d:7b
1669924830.976341 19.996195 2412 2412 -36 3249 a8:86:60:da:7d:7b
1669924831.058709 20.078563 2412 2412 -35 3250 a8:86:60:da:7d:7b
1669924831.060645 20.080499 2412 2412 -35 3251 a8:86:60:da:7d:7b
1669924831.274055 20.293909 2412 2437 -27 3257 a8:86:60:da:7d:7b
1669924831.336133 20.355987 2437 2437 -27 3258 a8:86:60:da:7d:7b
1669924831.336153 20.356007 2437 2462 -72 3258 a8:86:60:da:7d:7b
1669924831.338353 20.358207 2462 2437 -27 3259 a8:86:60:da:7d:7b
1669924831.440976 20.460830 2437 2437 -29 3260 a8:86:60:da:7d:7b
1669924831.442979 20.462833 2437 2437 -29 3261 a8:86:60:da:7d:7b
1669924831.505399 20.525253 2437 2412 -76 3262 a8:86:60:da:7d:7b
1669924831.507754 20.527608 2412 2412 -76 3263 a8:86:60:da:7d:7b
1669924831.654456 20.674310 2412 2462 -27 3266 a8:86:60:da:7d:7b
1669924831.656556 20.676410 2462 2437 -64 3267 a8:86:60:da:7d:7b
1669924831.719109 20.738963 2437 2462 -26 3268 a8:86:60:da:7d:7b
1669924831.722030 20.741884 2462 2462 -26 3269 a8:86:60:da:7d:7b
1669924850.960783 39.980637 2462 2412 -35 3288 a8:86:60:da:7d:7b
1669924850.962760 39.982614 2412 2412 -36 3289 a8:86:60:da:7d:7b
1669924851.065305 40.085159 2412 2412 -34 3290 a8:86:60:da:7d:7b
1669924851.067531 40.087385 2412 2412 -35 3291 a8:86:60:da:7d:7b
1669924851.298536 40.318390 2412 2437 -27 3296 a8:86:60:da:7d:7b
1669924851.362889 40.382743 2437 2412 -69 3298 a8:86:60:da:7d:7b
1669924851.362909 40.382763 2412 2437 -27 3298 a8:86:60:da:7d:7b
1669924851.364862 40.384716 2437 2437 -27 3299 a8:86:60:da:7d:7b
1669924851.467637 40.487491 2437 2437 -28 3300 a8:86:60:da:7d:7b
1669924851.469611 40.489465 2437 2437 -30 3301 a8:86:60:da:7d:7b
1669924851.533806 40.553660 2437 2412 -81 3303 a8:86:60:da:7d:7b
1669924851.660490 40.680344 2412 2462 -27 3306 a8:86:60:da:7d:7b
1669924851.662418 40.682272 2462 2462 -27 3307 a8:86:60:da:7d:7b
1669924851.724910 40.744764 2462 2462 -26 3308 a8:86:60:da:7d:7b
1669924851.727639 40.747493 2462 2462 -25 3309 a8:86:60:da:7d:7b
1669924870.966573 59.986427 2462 2412 -36 3329 a8:86:60:da:7d:7b
1669924871.049037 60.068891 2412 2412 -36 3330 a8:86:60:da:7d:7b
1669924871.201611 60.221465 2412 2462 -78 3334 a8:86:60:da:7d:7b
1669924871.282219 60.302073 2462 2437 -27 3336 a8:86:60:da:7d:7b
1669924871.282239 60.302093 2437 2462 -76 3336 a8:86:60:da:7d:7b
1669924871.284172 60.304026 2462 2437 -27 3337 a8:86:60:da:7d:7b
1669924871.284192 60.304046 2437 2462 -70 3337 a8:86:60:da:7d:7b
1669924871.366700 60.386554 2462 2412 -69 3338 a8:86:60:da:7d:7b
1669924871.366719 60.386573 2412 2437 -27 3338 a8:86:60:da:7d:7b
1669924871.369862 60.389716 2437 2412 -68 3339 a8:86:60:da:7d:7b
1669924871.471448 60.491302 2412 2412 -72 3340 a8:86:60:da:7d:7b
1669924871.471468 60.491322 2412 2437 -30 3340 a8:86:60:da:7d:7b
1669924871.473338 60.493192 2437 2437 -29 3341 a8:86:60:da:7d:7b
1669924871.557714 60.577568 2437 2412 -76 3343 a8:86:60:da:7d:7b
1669924871.724947 60.744801 2412 2462 -27 3346 a8:86:60:da:7d:7b
1669924871.726970 60.746824 2462 2462 -28 3347 a8:86:60:da:7d:7b
1669924871.789006 60.808860 2462 2462 -25 3348 a8:86:60:da:7d:7b
1669924859.796134 0.000000 2462 2437 -88 124 aa:06:46:1c:f8:4d
1669924819.780398 0.000000 2437 2412 -82 474 aa:38:a3:09:82:be
1669924813.188970 0.000000 2412 2437 -82 2395 aa:5d:8b:39:7b:db
1669924813.208409 0.019439 2437 2437 -86 2396 aa:5d:8b:39:7b:db
1669924812.175578 0.000000 2437 2462 -93 177 aa:7c:46:b1:bc:90
1669924812.190008 0.014430 2462 2462 -90 178 aa:7c:46:b1:bc:90
1669924812.198672 0.023094 2462 2437 -89 179 aa:7c:46:b1:bc:90
1669924855.001431 42.825853 2437 2412 -91 269 aa:7c:46:b1:bc:90
1669924864.950931 52.775353 2412 2462 -70 276 aa:7c:46:b1:bc:90
1669924864.977222 52.801644 2462 2437 -65 278 aa:7c:46:b1:bc:90
1669924865.102689 52.927111 2437 2412 -75 287 aa:7c:46:b1:bc:90
1669924865.112926 52.937348 2412 2462 -78 289 aa:7c:46:b1:bc:90
1669924865.149369 52.973791 2462 2437 -65 292 aa:7c:46:b1:bc:90
1669924865.162779 52.987201 2437 2412 -71 704 aa:7c:46:b1:bc:90
1669924869.031355 56.855777 2412 2437 -62 295 aa:7c:46:b1:bc:90
1669924869.051750 56.876172 2437 2437 -61 296 aa:7c:46:b1:bc:90
1669924869.095347 56.919769 2437 2462 -75 298 aa:7c:46:b1:bc:90
1669924869.171605 56.996027 2462 2437 -57 301 aa:7c:46:b1:bc:90
1669924869.192598 57.017020 2437 2437 -57 302 aa:7c:46:b1:bc:90
1669924869.319263 57.143685 2437 2462 -68 307 aa:7c:46:b1:bc:90
1669924869.345004 57.169426 2462 2412 -60 309 aa:7c:46:b1:bc:90
1669924869.365532 57.189954 2412 2412 -59 310 aa:7c:46:b1:bc:90
1669924869.390006 57.214428 2412 2437 -57 311 aa:7c:46:b1:bc:90
1669924869.410232 57.234654 2437 2437 -57 312 aa:7c:46:b1:bc:90
1669924869.446626 57.271048 2437 2462 -63 313 aa:7c:46:b1:bc:90
1669924869.480038 57.304460 2462 2437 -68 315 aa:7c:46:b1:bc:90
1669924869.500881 57.325303 2437 2437 -68 316 aa:7c:46:b1:bc:90
1669924814.991804 0.000000 2437 2437 -93 3210 aa:94:cf:76:f4:c6
1669924815.004163 0.012359 2437 2437 -91 3211 aa:94:cf:76:f4:c6
1669924854.136889 0.000000 2437 2462 -88 3116 aa:a3:87:7b:2c:e5
1669924866.283696 0.000000 2462 2412 -91 1443 aa:a6:5f:07:cc:95
1669924802.138919 0.000000 2412 2437 -90 584 ac:12:03:fe:2c:d9
1669924860.480506 0.000000 2437 2412 -91 1108 ac:b5:7d:e6:7a:f2
1669924860.513455 0.032949 2412 2412 -92 1109 ac:b5:7d:e6:7a:f2
1669924860.547267 0.066761 2412 2437 -83 1110 ac:b5:7d:e6:7a:f2
1669924860.582264 0.101758 2437 2437 -83 1111 ac:b5:7d:e6:7a:f2
1669924859.670083 0.000000 2437 2462 -84 3053 ae:64:ed:1d:e1:24
1669924859.691579 0.021496 2462 2462 -88 3055 ae:64:ed:1d:e1:24
1669924859.576307 0.000000 2462 2437 -86 1836 ae:6a:9d:7b:42:13
1669924821.063160 0.000000 2437 2462 -88 2487 ae:72:6d:fa:b2:33
1669924822.899900 0.000000 2462 2437 -87 2683 ae:a3:86:ba:c3:3c
1669924807.915259 0.000000 2437 2412 -85 2731 ae:a3:e7:19:d0:28
1669924807.944586 0.029327 2412 2437 -82 2732 ae:a3:e7:19:d0:28
1669924807.967071 0.051812 2437 2437 -82 2733 ae:a3:e7:19:d0:28
1669924807.996311 0.081052 2437 2437 -83 2734 ae:a3:e7:19:d0:28
1669924840.490048 0.000000 2437 2462 -53 1308 ae:cb:d1:35:30:d1
1669924859.877206 0.000000 2462 2462 -88 2465 b2:42:57:96:42:5b
1669924872.929371 0.000000 2462 2437 -62 1238 b2:87:66:09:27:11
1669924812.879236 0.000000 2437 2412 -37 1086 b2:87:66:09:27:91
1669924812.881796 0.002560 2412 2412 -38 1087 b2:87:66:09:27:91
1669924812.881827 0.002591 2412 2437 -63 1087 b2:87:66:09:27:91
1669924812.943179 0.063943 2437 2412 -40 1088 b2:87:66:09:27:91
1669924812.945352 0.066116 2412 2412 -40 1089 b2:87:66:09:27:91
1669924812.945372 0.066136 2412 2437 -57 1089 b2:87:66:09:27:91
1669924813.007103 0.127867 2437 2437 -53 1090 b2:87:66:09:27:91
1669924813.009476 0.130240 2437 2437 -52 1091 b2:87:66:09:27:91
1669924813.051141 0.171905 2437 2412 -57 1092 b2:87:66:09:27:91
1669924813.051160 0.171924 2412 2437 -40 1092 b2:87:66:09:27:91
1669924813.051175 0.171939 2437 2462 -72 1092 b2:87:66:09:27:91
1669924813.053229 0.173993 2462 2462 -73 1093 b2:87:66:09:27:91
1669924813.053249 0.174013 2462 2412 -59 1093 b2:87:66:09:27:91
1669924813.115459 0.236223 2412 2412 -64 1094 b2:87:66:09:27:91
1669924813.115479 0.236243 2412 2437 -34 1094 b2:87:66:09:27:91
1669924813.115494 0.236258 2437 2462 -70 1094 b2:87:66:09:27:91
1669924813.117582 0.238346 2462 2412 -65 1095 b2:87:66:09:27:91
1669924813.117602 0.238366 2412 2437 -33 1095 b2:87:66:09:27:91
1669924813.117618 0.238382 2437 2462 -69 1095 b2:87:66:09:27:91
1669924813.179411 0.300175 2462 2437 -31 1096 b2:87:66:09:27:91
1669924813.179431 0.300195 2437 2462 -70 1096 b2:87:66:09:27:91
1669924813.181603 0.302367 2462 2412 -70 1097 b2:87:66:09:27:91
1669924813.181623 0.302387 2412 2462 -70 1097 b2:87:66:09:27:91
1669924813.243601 0.364365 2462 2437 -33 1098 b2:87:66:09:27:91
1669924813.245851 0.366615 2437 2412 -74 1099 b2:87:66:09:27:91
1669924813.245871 0.366635 2412 2437 -32 1099 b2:87:66:09:27:91
1669924813.331681 0.452445 2437 2437 -51 1102 b2:87:66:09:27:91
1669924813.333807 0.454571 2437 2412 -84 1103 b2:87:66:09:27:91
1669924813.333827 0.454591 2412 2437 -51 1103 b2:87:66:09:27:91
1669924813.333842 0.454606 2437 2462 -44 1103 b2:87:66:09:27:91
1669924813.375659 0.496423 2462 2437 -60 1104 b2:87:66:09:27:91
1669924813.375678 0.496442 2437 2462 -81 1104 b2:87:66:09:27:91
1669924813.377883 0.498647 2462 2437 -60 1105 b2:87:66:09:27:91
1669924813.377903 0.498667 2437 2462 -37 1105 b2:87:66:09:27:91
1669924813.439806 0.560570 2462 2462 -34 1106 b2:87:66:09:27:91
1669924813.441908 0.562672 2462 2437 -70 1107 b2:87:66:09:27:91
1669924813.441928 0.562692 2437 2462 -35 1107 b2:87:66:09:27:91
1669924813.484137 0.604901 2462 2462 -37 1108 b2:87:66:09:27:91
1669924813.486896 0.607660 2462 2462 -37 1109 b2:87:66:09:27:91
1669924813.486967 0.607731 2462 2437 -73 1109 b2:87:66:09:27:91
1669924827.889322 15.010086 2437 2412 -38 1124 b2:87:66:09:27:91
1669924827.891499 15.012263 2412 2437 -78 1125 b2:87:66:09:27:91
1669924827.891519 15.012283 2437 2412 -39 1125 b2:87:66:09:27:91
1669924827.932324 15.053088 2412 2412 -40 1126 b2:87:66:09:27:91
1669924827.932344 15.053108 2412 2437 -56 1126 b2:87:66:09:27:91
1669924827.934373 15.055137 2437 2412 -39 1127 b2:87:66:09:27:91
1669924827.934392 15.055156 2412 2437 -58 1127 b2:87:66:09:27:91
1669924827.991014 15.111778 2437 2412 -58 1130 b2:87:66:09:27:91
1669924828.005619 15.126383 2412 2412 -64 1132 b2:87:66:09:27:91
1669924828.005638 15.126402 2412 2462 -69 1132 b2:87:66:09:27:91
1669924828.007808 15.128572 2462 2412 -64 1133 b2:87:66:09:27:91
1669924828.007828 15.128592 2412 2437 -34 1133 b2:87:66:09:27:91
1669924828.007843 15.128607 2437 2462 -71 1133 b2:87:66:09:27:91
1669924828.049697 15.170461 2462 2412 -69 1134 b2:87:66:09:27:91
1669924828.049716 15.170480 2412 2437 -31 1134 b2:87:66:09:27:91
1669924828.052118 15.172882 2437 2437 -32 1135 b2:87:66:09:27:91
1669924828.113745 15.234509 2437 2437 -79 1136 b2:87:66:09:27:91
1669924828.115846 15.236610 2437 2437 -32 1137 b2:87:66:09:27:91
1669924828.128741 15.249505 2437 2437 -83 1138 b2:87:66:09:27:91
1669924828.131075 15.251839 2437 2462 -57 1139 b2:87:66:09:27:91
1669924828.216475 15.337239 2462 2437 -60 1142 b2:87:66:09:27:91
1669924828.216494 15.337258 2437 2462 -37 1142 b2:87:66:09:27:91
1669924828.219350 15.340114 2462 2437 -61 1143 b2:87:66:09:27:91
1669924828.219370 15.340134 2437 2462 -37 1143 b2:87:66:09:27:91
1669924828.260426 15.381190 2462 2462 -36 1144 b2:87:66:09:27:91
1669924828.262791 15.383555 2462 2462 -35 1145 b2:87:66:09:27:91
1669924828.304472 15.425236 2462 2462 -37 1146 b2:87:66:09:27:91
1669924828.306771 15.427535 2462 2462 -38 1147 b2:87:66:09:27:91
1669924828.368644 15.489408 2462 2462 -44 1148 b2:87:66:09:27:91
1669924828.370948 15.491712 2462 2412 -85 1149 b2:87:66:09:27:91
1669924842.899434 30.020198 2412 2412 -38 1162 b2:87:66:09:27:91
1669924842.901791 30.022555 2412 2412 -37 1163 b2:87:66:09:27:91
1669924842.962870 30.083634 2412 2412 -40 1164 b2:87:66:09:27:91
1669924842.962890 30.083654 2412 2437 -57 1164 b2:87:66:09:27:91
1669924842.964987 30.085751 2437 2412 -40 1165 b2:87:66:09:27:91
1669924842.977485 30.098249 2412 2437 -52 1166 b2:87:66:09:27:91
1669924842.979688 30.100452 2437 2412 -46 1167 b2:87:66:09:27:91
1669924842.979708 30.100472 2412 2437 -53 1167 b2:87:66:09:27:91
1669924843.023895 30.144659 2437 2437 -42 1169 b2:87:66:09:27:91
1669924843.023914 30.144678 2437 2462 -72 1169 b2:87:66:09:27:91
1669924843.065493 30.186257 2462 2412 -64 1170 b2:87:66:09:27:91
1669924843.065513 30.186277 2412 2437 -34 1170 b2:87:66:09:27:91
1669924843.065528 30.186292 2437 2462 -69 1170 b2:87:66:09:27:91
1669924843.067621 30.188385 2462 2412 -63 1171 b2:87:66:09:27:91
1669924843.067641 30.188405 2412 2437 -34 1171 b2:87:66:09:27:91
1669924843.067657 30.188421 2437 2462 -70 1171 b2:87:66:09:27:91
1669924843.109561 30.230325 2462 2437 -31 1172 b2:87:66:09:27:91
1669924843.112640 30.233404 2437 2437 -31 1173 b2:87:66:09:27:91
1669924843.112659 30.233423 2437 2462 -64 1173 b2:87:66:09:27:91
1669924843.174057 30.294821 2462 2437 -32 1174 b2:87:66:09:27:91
1669924843.176113 30.296877 2437 2437 -32 1175 b2:87:66:09:27:91
1669924843.217793 30.338557 2437 2462 -56 1176 b2:87:66:09:27:91
1669924843.217813 30.338577 2462 2412 -86 1176 b2:87:66:09:27:91
1669924843.219885 30.340649 2412 2412 -82 1177 b2:87:66:09:27:91
1669924843.263739 30.384503 2412 2462 -43 1179 b2:87:66:09:27:91
1669924843.263785 30.384549 2462 2437 -50 1179 b2:87:66:09:27:91
1669924843.305733 30.426497 2437 2437 -58 1180 b2:87:66:09:27:91
1669924843.305750 30.426514 2437 2462 -36 1180 b2:87:66:09:27:91
1669924843.307870 30.428634 2462 2437 -62 1181 b2:87:66:09:27:91
1669924843.307890 30.428654 2437 2462 -37 1181 b2:87:66:09:27:91
1669924843.369843 30.490607 2462 2462 -35 1182 b2:87:66:09:27:91
1669924843.372515 30.493279 2462 2462 -36 1183 b2:87:66:09:27:91
1669924843.372655 30.493419 2462 2437 -70 1183 b2:87:66:09:27:91
1669924843.413844 30.534608 2437 2462 -37 1184 b2:87:66:09:27:91
1669924843.416241 30.537005 2462 2437 -73 1185 b2:87:66:09:27:91
1669924843.416261 30.537025 2437 2462 -35 1185 b2:87:66:09:27:91
1669924857.909403 45.030167 2462 2462 -86 1200 b2:87:66:09:27:91
1669924857.911551 45.032315 2462 2412 -38 1201 b2:87:66:09:27:91
1669924857.972524 45.093288 2412 2412 -40 1202 b2:87:66:09:27:91
1669924857.972544 45.093308 2412 2437 -57 1202 b2:87:66:09:27:91
1669924857.974607 45.095371 2437 2412 -39 1203 b2:87:66:09:27:91
1669924857.974627 45.095391 2412 2437 -60 1203 b2:87:66:09:27:91
1669924858.018758 45.139522 2437 2437 -51 1205 b2:87:66:09:27:91
1669924858.060530 45.181294 2437 2412 -55 1206 b2:87:66:09:27:91
1669924858.062601 45.183365 2412 2412 -58 1207 b2:87:66:09:27:91
1669924858.075791 45.196555 2412 2412 -64 1208 b2:87:66:09:27:91
1669924858.075811 45.196575 2412 2462 -69 1208 b2:87:66:09:27:91
1669924858.075827 45.196591 2462 2437 -33 1208 b2:87:66:09:27:91
1669924858.078133 45.198897 2437 2412 -64 1209 b2:87:66:09:27:91
1669924858.078152 45.198916 2412 2462 -70 1209 b2:87:66:09:27:91
1669924858.119183 45.239947 2462 2437 -31 1210 b2:87:66:09:27:91
1669924858.119202 45.239966 2437 2462 -65 1210 b2:87:66:09:27:91
1669924858.121426 45.242190 2462 2437 -33 1211 b2:87:66:09:27:91
1669924858.183304 45.304068 2437 2437 -33 1212 b2:87:66:09:27:91
1669924858.185516 45.306280 2437 2412 -74 1213 b2:87:66:09:27:91
1669924858.185536 45.306300 2412 2437 -32 1213 b2:87:66:09:27:91
1669924858.185551 45.306315 2437 2462 -58 1213 b2:87:66:09:27:91
1669924858.227329 45.348093 2462 2412 -83 1214 b2:87:66:09:27:91
1669924858.242028 45.362792 2412 2437 -51 1216 b2:87:66:09:27:91
1669924858.244228 45.364992 2437 2437 -52 1217 b2:87:66:09:27:91
1669924858.285976 45.406740 2437 2462 -82 1218 b2:87:66:09:27:91
1669924858.286022 45.406786 2462 2437 -61 1218 b2:87:66:09:27:91
1669924858.330057 45.450821 2437 2462 -36 1220 b2:87:66:09:27:91
1669924858.335309 45.456073 2462 2437 -68 1221 b2:87:66:09:27:91
1669924858.335329 45.456093 2437 2462 -35 1221 b2:87:66:09:27:91
1669924858.394137 45.514901 2462 2437 -72 1222 b2:87:66:09:27:91
1669924858.394157 45.514921 2437 2462 -37 1222 b2:87:66:09:27:91
1669924858.396258 45.517022 2462 2462 -36 1223 b2:87:66:09:27:91
1669924872.931473 60.052237 2462 2437 -63 1239 b2:87:66:09:27:91
1669924872.972594 60.093358 2437 2412 -40 1240 b2:87:66:09:27:91
1669924872.974803 60.095567 2412 2412 -40 1241 b2:87:66:09:27:91
1669924872.974823 60.095587 2412 2437 -57 1241 b2:87:66:09:27:91
1669924873.016872 60.137636 2437 2412 -45 1242 b2:87:66:09:27:91
1669924873.016892 60.137656 2412 2437 -52 1242 b2:87:66:09:27:91
1669924873.031250 60.152014 2437 2412 -57 1244 b2:87:66:09:27:91
1669924873.031269 60.152033 2412 2437 -42 1244 b2:87:66:09:27:91
1669924873.033398 60.154162 2437 2437 -42 1245 b2:87:66:09:27:91
1669924842.901811 0.000000 2437 2437 -62 3539 b2:87:66:6b:82:f9
1669924810.037776 0.000000 2437 2462 -84 592 b2:c7:c6:28:13:dd
1669924820.855207 0.000000 2462 2412 -89 3866 b2:eb:68:f1:3b:ab
1669924817.349350 0.000000 2412 2462 -88 3094 b2:f0:27:d0:c8:17
1669924817.403865 0.054515 2462 2462 -86 3099 b2:f0:27:d0:c8:17
1669924857.875203 0.000000 2462 2437 -83 1883 b3:2b:d6:e2:76:a5
1669924833.968383 0.000000 2437 2437 -88 594 b4:8c:9d:5c:48:c5
1669924857.357751 23.389368 2437 2437 -90 860 b4:8c:9d:5c:48:c5
1669924857.358573 23.390190 2437 2437 -91 861 b4:8c:9d:5c:48:c5
1669924862.157574 28.189191 2437 2437 -91 914 b4:8c:9d:5c:48:c5
1669924866.857222 32.888839 2437 2437 -92 969 b4:8c:9d:5c:48:c5
1669924850.163486 0.000000 2437 2462 -81 3884 b6:b2:6f:34:2d:e8
1669924850.184671 0.021185 2462 2462 -85 3885 b6:b2:6f:34:2d:e8
1669924862.039645 0.000000 2462 2412 -88 2847 b6:ef:b7:e7:2a:e7
1669924869.522948 0.000000 2412 2437 -83 973 b7:6c:b3:95:b3:8c
1669924863.703657 0.000000 2437 2412 -78 2640 b7:cd:a0:12:34:83
1669924858.679886 0.000000 2412 2437 -86 1051 b8:81:98:97:70:57
1669924859.001557 0.321671 2437 2462 -86 1061 b8:81:98:97:70:57
1669924859.004865 0.324979 2462 2462 -88 1062 b8:81:98:97:70:57
1669924807.775610 0.000000 2462 2437 -78 726 ba:04:81:e5:0e:ab
1669924807.796433 0.020823 2437 2437 -79 727 ba:04:81:e5:0e:ab
1669924835.029312 0.000000 2437 2437 -84 3951 ba:2b:d6:e2:76:c3
1669924831.009123 0.000000 2437 2462 -85 1418 ba:3e:43:2f:cf:a1
1669924806.309076 0.000000 2462 2437 -94 3181 ba:df:7f:88:8c:a3
1669924806.430582 0.121506 2437 2462 -89 3556 ba:df:7f:88:8c:a3
1669924853.014602 0.000000 2462 2462 -90 3547 bc:d1:19:bd:15:f3
1669924811.346169 0.000000 2462 2437 -81 431 be:20:6f:c2:9d:0b
1669924811.400393 0.054224 2437 2437 -84 2441 be:20:6f:c2:9d:0b
1669924803.551520 0.000000 2437 2437 -86 3016 be:53:84:f4:a6:90
1669924805.270530 0.000000 2437 2412 -83 1626 be:58:e3:30:14:36
1669924860.933512 0.000000 2412 2462 -86 2302 be:a5:04:97:61:d3
1669924814.149405 0.000000 2462 2462 -90 2536 be:be:46:42:bf:7b
1669924862.257774 0.000000 2462 2437 -82 1684 c0:a9:0f:aa:7e:6c
1669924864.021904 0.000000 2437 2437 -83 1800 c0:a9:4f:c1:e7:65
1669924815.378700 0.000000 2437 2437 -84 104 c0:a9:d7:e2:76:c5
1669924806.013851 0.000000 2437 2462 -81 2911 c2:52:2f:7f:a3:0b
1669924867.445712 0.000000 2462 2462 -78 1093 c2:53:27:0a:a3:5e
1669924867.489740 0.044028 2462 2437 -74 1095 c2:53:27:0a:a3:5e
1669924867.598934 0.153222 2437 2462 -81 1099 c2:53:27:0a:a3:5e
1669924870.116158 2.670446 2462 2412 -84 1109 c2:53:27:0a:a3:5e
1669924870.138448 2.692736 2412 2412 -84 1110 c2:53:27:0a:a3:5e
1669924827.905362 0.000000 2412 2437 -79 856 c2:58:12:dd:fc:14
1669924864.978045 0.000000 2437 2412 -83 1799 c2:96:a1:54:e6:1f
1669924835.738316 0.000000 2412 2462 -80 2947 c2:ac:bd:ea:92:1f
1669924835.742214 0.003898 2462 2462 -79 2948 c2:ac:bd:ea:92:1f
1669924856.934772 0.000000 2462 2412 -90 2557 c6:47:6f:61:01:e6
1669924864.928241 0.000000 2412 2437 -70 1004 c6:5d:55:3f:b5:14
1669924860.983004 0.000000 2437 2437 -87 2884 c6:6d:bd:59:36:4b
1669924805.534859 0.000000 2437 2412 -84 4084 c6:84:f0:87:b4:d5
1669924820.843494 0.000000 2412 2437 -83 1960 c6:8a:31:97:14:d9
1669924811.140341 0.000000 2437 2437 -82 3658 c6:a1:d6:36:0e:2d
1669924811.141892 0.001551 2437 2437 -81 3659 c6:a1:d6:36:0e:2d
1669924823.501381 0.000000 2437 2437 -83 931 c6:b7:da:84:0c:8d
1669924827.562578 4.061197 2437 2462 -88 937 c6:b7:da:84:0c:8d
1669924827.721103 4.219722 2462 2412 -91 940 c6:b7:da:84:0c:8d
1669924827.928292 4.426911 2412 2437 -87 944 c6:b7:da:84:0c:8d
1669924836.407240 12.905859 2437 2437 -90 1161 c6:b7:da:84:0c:8d
1669924819.175423 0.000000 2437 2437 -90 1062 c8:e2:65:57:96:71
1669924862.310122 0.000000 2437 2412 -87 3378 c8:f4:73:b6:d5:27
1669924826.951428 0.000000 2412 2437 -84 262 c9:ba:7b:73:ee:a5
1669924852.252233 0.000000 2437 2412 -91 1634 ca:2d:4d:fc:af:e9
1669924852.387208 0.134975 2412 2462 -88 1640 ca:2d:4d:fc:af:e9
1669924856.684880 4.432647 2462 2437 -89 1657 ca:2d:4d:fc:af:e9
1669924856.707258 4.455025 2437 2437 -81 1658 ca:2d:4d:fc:af:e9
1669924863.662472 11.410239 2437 2437 -90 1685 ca:2d:4d:fc:af:e9
1669924813.993351 0.000000 2437 2437 -87 3016 ca:67:29:50:02:a8
1669924813.999653 0.006302 2437 2437 -89 3017 ca:67:29:50:02:a8
1669924845.130404 0.000000 2437 2462 -87 977 ca:b5:5e:3d:e0:fa
1669924830.455247 0.000000 2462 2412 -93 2045 ca:d0:24:70:23:38
1669924830.503803 0.048556 2412 2437 -89 2048 ca:d0:24:70:23:38
1669924830.531227 0.075980 2437 2462 -89 2050 ca:d0:24:70:23:38
1669924817.964813 0.000000 2462 2462 -87 1028 ca:f4:78:e7:92:61
1669924862.364479 0.000000 2462 2462 -94 1880 cb:a7:d2:02:52:be
1669924829.352748 0.000000 2462 2437 -92 207 ce:0f:ed:d1:6e:0a
1669924829.778752 0.426004 2437 2462 -89 226 ce:0f:ed:d1:6e:0a
1669924829.773344 0.000000 2462 2437 -86 2727 ce:2a:96:90:c0:84
1669924815.578857 0.000000 2437 2462 -87 1913 ce:3e:f3:62:dd:ba
1669924815.580082 0.001225 2462 2462 -89 3363 ce:3e:f3:62:dd:ba
1669924872.076595 0.000000 2462 2462 -90 2393 ce:52:b3:9f:ae:f6
1669924810.938982 0.000000 2462 2462 -84 3359 ce:8c:1b:f9:52:c4
1669924860.611785 0.000000 2462 2462 -82 1987 ce:93:c5:76:54:95
1669924860.631746 0.019961 2462 2462 -83 1988 ce:93:c5:76:54:95
1669924851.830394 0.000000 2462 2462 -87 2556 ce:a2:bd:34:81:41
1669924820.108929 0.000000 2462 2462 -87 1788 ce:ae:fa:98:2b:15
1669924802.910188 0.000000 2462 2462 -87 330 ce:b5:b0:0f:b8:06
1669924817.169074 0.000000 2462 2412 -87 574 ce:c2:67:71:ae:16
1669924819.630392 0.000000 2412 2437 -90 2186 ce:e7:4e:1b:94:d1
1669924819.642143 0.011751 2437 2437 -83 2187 ce:e7:4e:1b:94:d1
1669924861.254985 41.624593 2437 2437 -83 2325 ce:e7:4e:1b:94:d1
1669924861.268732 41.638340 2437 2437 -84 2326 ce:e7:4e:1b:94:d1
1669924861.904068 42.273676 2437 2437 -80 2336 ce:e7:4e:1b:94:d1
1669924843.955597 0.000000 2437 2462 -81 3703 ce:fc:ce:ad:e9:68
1669924843.975934 0.020337 2462 2462 -82 3704 ce:fc:ce:ad:e9:68
1669924834.536212 0.000000 2462 2437 -92 2321 d2:33:83:cc:79:57
1669924813.118700 0.000000 2437 2437 -82 3796 d2:cf:c1:35:38:7e
1669924859.738053 0.000000 2437 2437 -90 2897 d2:d5:e1:ec:94:bb
1669924859.758040 0.019987 2437 2437 -88 1962 d2:d5:e1:ec:94:bb
1669924823.727181 0.000000 2437 2437 -91 965 d6:38:62:1f:7c:8f
1669924823.755285 0.028104 2437 2437 -89 966 d6:38:62:1f:7c:8f
1669924841.824418 0.000000 2437 2412 -89 3531 d6:73:40:64:6e:00
1669924842.054249 0.229831 2412 2437 -79 3540 d6:73:40:64:6e:00
1669924842.242986 0.418568 2437 2462 -91 3549 d6:73:40:64:6e:00
1669924811.987529 0.000000 2462 2437 -85 2714 d6:9b:8c:ed:95:ca
1669924812.016089 0.028560 2437 2437 -86 2715 d6:9b:8c:ed:95:ca
1669924816.817606 0.000000 2437 2437 -87 690 d8:f3:bc:6c:ec:21
1669924817.181280 0.363674 2437 2462 -85 700 d8:f3:bc:6c:ec:21
1669924817.182061 0.364455 2462 2462 -86 701 d8:f3:bc:6c:ec:21
1669924850.071792 0.000000 2462 2437 -85 311 da:07:a1:bc:c5:62
1669924850.093733 0.021941 2437 2437 -88 312 da:07:a1:bc:c5:62
1669924831.033099 0.000000 2437 2437 -81 4027 da:2d:fc:3e:6f:30
1669924831.055622 0.022523 2437 2437 -83 4028 da:2d:fc:3e:6f:30
1669924814.711328 0.000000 2437 2437 -93 2543 da:34:4d:0c:e4:38
1669924872.742142 0.000000 2437 2412 -92 2569 da:34:f8:2d:e7:7a
1669924872.807755 0.065613 2412 2437 -81 2573 da:34:f8:2d:e7:7a
1669924872.831483 0.089341 2437 2462 -88 2575 da:34:f8:2d:e7:7a
1669924872.840821 0.098679 2462 2462 -85 2576 da:34:f8:2d:e7:7a
1669924820.327231 0.000000 2462 2412 -39 1003 da:a1:19:5b:3f:03
1669924820.364653 0.037422 2412 2412 -41 1004 da:a1:19:5b:3f:03
1669924820.410710 0.083479 2412 2412 -38 1005 da:a1:19:5b:3f:03
1669924820.449741 0.122510 2412 2412 -39 1006 da:a1:19:5b:3f:03
1669924820.493567 0.166336 2412 2412 -48 1007 da:a1:19:5b:3f:03
1669924820.536989 0.209758 2412 2412 -49 1008 da:a1:19:5b:3f:03
1669924820.662209 0.334978 2412 2437 -29 1011 da:a1:19:5b:3f:03
1669924820.704496 0.377265 2437 2437 -30 1012 da:a1:19:5b:3f:03
1669924820.766555 0.439324 2437 2437 -32 1013 da:a1:19:5b:3f:03
1669924820.786150 0.458919 2437 2437 -32 1014 da:a1:19:5b:3f:03
1669924820.829073 0.501842 2437 2437 -33 1015 da:a1:19:5b:3f:03
1669924820.869171 0.541940 2437 2437 -33 1016 da:a1:19:5b:3f:03
1669924821.001961 0.674730 2437 2462 -60 1019 da:a1:19:5b:3f:03
1669924821.081676 0.754445 2462 2462 -50 1021 da:a1:19:5b:3f:03
1669924821.122494 0.795263 2462 2462 -49 1022 da:a1:19:5b:3f:03
1669924821.168057 0.840826 2462 2462 -47 1023 da:a1:19:5b:3f:03
1669924821.218954 0.891723 2462 2462 -47 1024 da:a1:19:5b:3f:03
1669924806.074850 0.000000 2462 2462 -83 269 da:c2:a6:9e:65:08
1669924806.096330 0.021480 2462 2462 -82 270 da:c2:a6:9e:65:08
1669924844.565515 0.000000 2462 2437 -91 1502 da:e1:0f:44:fd:62
1669924844.582868 0.017353 2437 2412 -91 1503 da:e1:0f:44:fd:62
1669924860.111891 15.546376 2412 2437 -86 1570 da:e1:0f:44:fd:62
1669924860.327360 15.761845 2437 2412 -87 1577 da:e1:0f:44:fd:62
1669924860.338105 15.772590 2412 2412 -88 1578 da:e1:0f:44:fd:62
1669924860.394961 15.829446 2412 2462 -83 1582 da:e1:0f:44:fd:62
1669924818.720514 0.000000 2462 2437 -84 1433 da:fa:33:92:0a:7f
1669924805.512053 0.000000 2437 2412 -85 4082 dc:2b:2a:87:34:17
1669924805.677264 0.165211 2412 2437 -75 4093 dc:2b:2a:87:34:17
1669924805.687667 0.175614 2437 2437 -75 4094 dc:2b:2a:87:34:17
1669924805.711215 0.199162 2437 2437 -77 0 dc:2b:2a:87:34:17
1669924805.780151 0.268098 2437 2462 -75 6 dc:2b:2a:87:34:17
1669924805.854492 0.342439 2462 2462 -79 9 dc:2b:2a:87:34:17
1669924805.864577 0.352524 2462 2462 -79 10 dc:2b:2a:87:34:17
1669924822.552245 17.040192 2462 2412 -83 73 dc:2b:2a:87:34:17
1669924822.562123 17.050070 2412 2412 -82 74 dc:2b:2a:87:34:17
1669924822.574373 17.062320 2412 2437 -74 75 dc:2b:2a:87:34:17
1669924822.584405 17.072352 2437 2437 -73 76 dc:2b:2a:87:34:17
1669924822.596224 17.084171 2437 2462 -81 77 dc:2b:2a:87:34:17
1669924822.606502 17.094449 2462 2462 -79 78 dc:2b:2a:87:34:17
1669924867.169200 61.657147 2462 2412 -84 99 dc:2b:2a:87:34:17
1669924867.179406 61.667353 2412 2412 -80 100 dc:2b:2a:87:34:17
1669924867.321280 61.809227 2412 2437 -77 109 dc:2b:2a:87:34:17
1669924867.495814 61.983761 2437 2462 -75 121 dc:2b:2a:87:34:17
1669924867.505055 61.993002 2462 2462 -75 122 dc:2b:2a:87:34:17
1669924811.172207 0.000000 2462 2437 -82 3257 dc:46:95:dd:76:43
1669924859.550131 0.000000 2437 2462 -85 2175 de:10:2b:84:46:72
1669924801.918996 0.000000 2462 2437 -91 1253 de:2c:06:54:11:73
1669924834.072485 0.000000 2437 2437 -90 3404 de:6b:6b:5d:4d:ec
1669924864.874430 0.000000 2437 2437 -79 1266 de:80:74:74:f1:42
1669924860.278735 0.000000 2437 2437 -88 3149 de:a1:a9:80:f0:3b
1669924860.299012 0.020277 2437 2437 -88 3150 de:a1:a9:80:f0:3b
1669924831.099576 0.000000 2437 2412 -90 3073 de:b9:77:d7:d4:27
1669924810.846144 0.000000 2412 2437 -92 4056 de:d9:d6:9b:62:8e
1669924814.717528 0.000000 2437 2437 -91 474 de:f8:5e:ae:82:36
1669924814.939063 0.000000 2437 2437 -90 3403 e0:d4:64:3d:1e:31
1669924807.821181 0.000000 2437 2412 -86 3932 e2:1b:53:25:01:7f
1669924815.593381 0.000000 2412 2437 -74 3929 e2:46:58:14:36:dd
1669924818.721951 0.000000 2437 2437 -83 215 e2:9c:53:f2:ab:d0
1669924820.777372 0.000000 2437 2412 -76 3272 e2:bc:9e:d8:9e:f3
1669924820.797669 0.020297 2412 2412 -76 3274 e2:bc:9e:d8:9e:f3
1669924825.102062 0.000000 2412 2437 -84 3452 e3:08:c5:b8:f4:a5
1669924867.491952 0.000000 2437 2437 -83 2034 e3:ee:79:73:4f:69
1669924861.848326 0.000000 2437 2437 -89 2431 e4:4e:8d:c7:7d:e6
1669924826.574928 0.000000 2437 2412 -72 2511 e4:a4:71:ce:7e:12
1669924826.666841 0.091913 2412 2437 -70 2513 e4:a4:71:ce:7e:12
1669924826.758930 0.184002 2437 2412 -77 2516 e4:a4:71:ce:7e:12
1669924826.807258 0.232330 2412 2437 -65 2519 e4:a4:71:ce:7e:12
1669924826.833558 0.258630 2437 2437 -73 2520 e4:a4:71:ce:7e:12
1669924826.901949 0.327021 2437 2462 -73 2523 e4:a4:71:ce:7e:12
1669924805.743513 0.000000 2462 2437 -71 781 e6:48:52:40:16:c8
1669924805.766831 0.023318 2437 2437 -76 1277 e6:48:52:40:16:c8
1669924815.734818 0.000000 2437 2462 -90 377 e6:bf:c8:cb:64:87
1669924820.049132 4.314314 2462 2462 -90 482 e6:bf:c8:cb:64:87
1669924862.265835 0.000000 2462 2437 -87 2605 e6:c1:18:d0:f5:99
1669924811.801583 0.000000 2437 2412 -87 864 e8:6c:9a:0c:ee:a4
1669924817.149268 0.000000 2412 2437 -89 3497 e8:f4:7c:1a:a9:79
1669924820.995246 0.000000 2437 2462 -91 2656 ea:49:bd:a2:b9:f5
1669924866.368228 0.000000 2462 2437 -88 3530 ea:8d:ee:37:df:3c
1669924864.835079 0.000000 2437 2462 -70 1429 ea:9a:48:62:16:e3
1669924864.855400 0.020321 2462 2462 -75 3174 ea:9a:48:62:16:e3
1669924839.028164 0.000000 2462 2437 -83 127 ea:ee:81:2e:cd:5c
1669924829.208012 0.000000 2437 2437 -83 2098 ea:ee:d5:e2:76:c6
1669924852.359507 0.000000 2437 2412 -84 926 ea:fe:21:0a:69:16
1669924852.379970 0.020463 2412 2412 -85 927 ea:fe:21:0a:69:16
1669924852.400116 0.040609 2412 2412 -87 928 ea:fe:21:0a:69:16
1669924852.667367 0.307860 2412 2437 -75 938 ea:fe:21:0a:69:16
1669924852.750771 0.391264 2437 2437 -71 942 ea:fe:21:0a:69:16
1669924852.937989 0.578482 2437 2462 -78 951 ea:fe:21:0a:69:16
1669924852.958164 0.598657 2462 2462 -78 952 ea:fe:21:0a:69:16
1669924852.970882 0.611375 2462 2462 -80 953 ea:fe:21:0a:69:16
1669924853.012301 0.652794 2462 2462 -83 955 ea:fe:21:0a:69:16
1669924853.032542 0.673035 2462 2462 -83 956 ea:fe:21:0a:69:16
1669924805.299891 0.000000 2462 2412 -87 3579 ee:23:c3:41:57:74
1669924860.370395 0.000000 2412 2462 -83 481 ee:35:9f:48:a5:aa
1669924809.900448 0.000000 2462 2412 -77 1500 ee:48:6a:da:44:4a
1669924816.509834 0.000000 2412 2437 -92 3772 ee:58:db:3f:b7:5e
1669924816.533684 0.023850 2437 2437 -89 3773 ee:58:db:3f:b7:5e
1669924816.062848 0.000000 2437 2437 -90 3325 ee:f6:4e:1b:57:f7
1669924816.084345 0.021497 2437 2437 -90 3326 ee:f6:4e:1b:57:f7
1669924867.692205 0.000000 2437 2437 -87 1575 f0:2f:4b:0a:3e:d9
1669924867.844886 0.152681 2437 2412 -86 1581 f0:2f:4b:0a:3e:d9
1669924868.091540 0.399335 2412 2462 -89 1591 f0:2f:4b:0a:3e:d9
1669924868.108096 0.415891 2462 2462 -88 1592 f0:2f:4b:0a:3e:d9
1669924803.002458 0.000000 2462 2462 -79 4007 f0:6e:0b:c8:d4:e1
1669924803.229064 0.226606 2462 2412 -83 4009 f0:6e:0b:c8:d4:e1
1669924803.340805 0.338347 2412 2437 -81 4010 f0:6e:0b:c8:d4:e1
1669924804.134887 1.132429 2437 2412 -85 4020 f0:6e:0b:c8:d4:e1
1669924804.135934 1.133476 2412 2412 -84 4021 f0:6e:0b:c8:d4:e1
1669924804.475748 1.473290 2412 2437 -77 4028 f0:6e:0b:c8:d4:e1
1669924804.477288 1.474830 2437 2437 -76 4029 f0:6e:0b:c8:d4:e1
1669924804.572027 1.569569 2437 2437 -83 4030 f0:6e:0b:c8:d4:e1
1669924804.900180 1.897722 2437 2462 -84 4038 f0:6e:0b:c8:d4:e1
1669924804.901212 1.898754 2462 2462 -84 4039 f0:6e:0b:c8:d4:e1
1669924828.962053 25.959595 2462 2462 -84 30 f0:6e:0b:c8:d4:e1
1669924828.962946 25.960488 2462 2462 -84 31 f0:6e:0b:c8:d4:e1
1669924829.187228 26.184770 2462 2412 -89 32 f0:6e:0b:c8:d4:e1
1669924829.916702 26.914244 2412 2412 -91 52 f0:6e:0b:c8:d4:e1
1669924830.257495 27.255037 2412 2437 -78 60 f0:6e:0b:c8:d4:e1
1669924830.258809 27.256351 2437 2437 -78 61 f0:6e:0b:c8:d4:e1
1669924830.341583 27.339125 2437 2437 -84 62 f0:6e:0b:c8:d4:e1
1669924830.342710 27.340252 2437 2437 -85 63 f0:6e:0b:c8:d4:e1
1669924830.424871 27.422413 2437 2437 -84 64 f0:6e:0b:c8:d4:e1
1669924830.764437 27.761979 2437 2462 -87 72 f0:6e:0b:c8:d4:e1
1669924830.765600 27.763142 2462 2462 -86 73 f0:6e:0b:c8:d4:e1
1669924853.428141 0.000000 2462 2437 -90 575 f2:02:60:58:6a:15
1669924863.567145 0.000000 2437 2437 -88 2 f2:0a:82:0c:f7:7e
1669924863.588229 0.021084 2437 2437 -89 3 f2:0a:82:0c:f7:7e
1669924836.515595 0.000000 2437 2412 -87 1818 f2:68:67:cf:7b:ba
1669924836.539013 0.023418 2412 2412 -93 1819 f2:68:67:cf:7b:ba
1669924836.558572 0.042977 2412 2437 -82 1820 f2:68:67:cf:7b:ba
1669924836.587794 0.072199 2437 2437 -86 1821 f2:68:67:cf:7b:ba
1669924836.603506 0.087911 2437 2462 -80 1822 f2:68:67:cf:7b:ba
1669924836.624592 0.108997 2462 2462 -83 1823 f2:68:67:cf:7b:ba
1669924836.738959 0.223364 2462 2437 -78 1831 f2:68:67:cf:7b:ba
1669924836.962100 0.446505 2437 2437 -83 1844 f2:68:67:cf:7b:ba
1669924806.105719 0.000000 2437 2437 -71 2786 f2:6f:36:7b:30:25
1669924806.126089 0.020370 2437 2437 -72 2788 f2:6f:36:7b:30:25
1669924803.973222 0.000000 2437 2412 -87 3570 f2:9a:19:54:5a:b9
1669924803.993622 0.020400 2412 2412 -88 3571 f2:9a:19:54:5a:b9
1669924810.937683 0.000000 2412 2462 -82 642 f6:1b:80:b6:91:6d
1669924810.994220 0.056537 2462 2462 -82 3361 f6:1b:80:b6:91:6d
1669924818.040013 0.000000 2462 2437 -81 1182 f6:1d:8f:43:69:0f
1669924818.158673 0.118660 2437 2437 -80 1188 f6:1d:8f:43:69:0f
1669924860.785690 0.000000 2437 2412 -93 2854 f6:25:71:b4:5b:31
1669924834.401121 0.000000 2412 2462 -79 3963 f6:2b:8b:97:6d:d4
1669924802.091243 0.000000 2462 2462 -86 280 f6:62:78:53:4b:16
1669924808.894953 0.000000 2462 2437 -91 2989 f6:7a:18:90:e5:3b
1669924808.982828 0.087875 2437 2462 -92 2993 f6:7a:18:90:e5:3b
1669924861.550767 0.000000 2462 2437 -80 626 f6:a2:11:af:fa:7a
1669924803.158071 0.000000 2437 2437 -91 3774 f6:bd:0e:a2:24:d6
1669924852.592933 0.000000 2437 2437 -81 1648 f6:c8:ba:d6:82:87
1669924852.761935 0.169002 2437 2437 -74 1655 f6:c8:ba:d6:82:87
1669924852.961587 0.368654 2437 2462 -80 1663 f6:c8:ba:d6:82:87
1669924852.978647 0.385714 2462 2462 -84 1664 f6:c8:ba:d6:82:87
1669924853.096459 0.503526 2462 2437 -83 1669 f6:c8:ba:d6:82:87
1669924853.118631 0.525698 2437 2437 -82 1670 f6:c8:ba:d6:82:87
1669924861.941060 9.348127 2437 2412 -91 1678 f6:c8:ba:d6:82:87
1669924862.103081 9.510148 2412 2462 -85 1685 f6:c8:ba:d6:82:87
1669924862.134545 9.541612 2462 2462 -85 1686 f6:c8:ba:d6:82:87
1669924862.198485 9.605552 2462 2437 -82 1689 f6:c8:ba:d6:82:87
1669924862.334891 9.741958 2437 2437 -83 1695 f6:c8:ba:d6:82:87
1669924862.368289 9.775356 2437 2437 -83 1696 f6:c8:ba:d6:82:87
1669924870.210971 17.618038 2437 2437 -85 1714 f6:c8:ba:d6:82:87
1669924835.648925 0.000000 2437 2437 -83 86 f8:3c:82:ae:12:4a
1669924861.308761 0.000000 2437 2437 -90 3143 f9:6c:0a:1f:f8:aa
1669924820.730872 0.000000 2437 2462 -82 3063 fa:21:1c:7a:27:6d
1669924820.751869 0.020997 2462 2462 -81 3064 fa:21:1c:7a:27:6d
1669924860.744353 0.000000 2462 2412 -88 2190 fa:5d:7b:33:c2:6c
1669924817.344513 0.000000 2412 2462 -84 2706 fa:8d:c8:21:10:ad
1669924817.399128 0.054615 2462 2462 -87 3096 fa:8d:c8:21:10:ad
1669924870.054801 0.000000 2462 2437 -83 1908 fa:dc:2b:07:52:be
1669924870.252538 0.197737 2437 2462 -88 1916 fa:dc:2b:07:52:be
1669924870.262013 0.207212 2462 2462 -86 1917 fa:dc:2b:07:52:be
1669924870.501008 0.446207 2462 2437 -81 1926 fa:dc:2b:07:52:be
1669924870.506341 0.451540 2437 2437 -82 1927 fa:dc:2b:07:52:be
1669924870.613836 0.559035 2437 2437 -86 1932 fa:dc:2b:07:52:be
1669924810.933431 0.000000 2437 2462 -85 2284 fa:ee:d8:56:db:b2
1669924810.989468 0.056037 2462 2462 -82 3360 fa:ee:d8:56:db:b2
1669924861.097543 0.000000 2462 2462 -84 575 fa:fc:8a:89:7f:a1
1669924836.975515 0.000000 2462 2437 -83 1077 fb:68:67:cf:7b:ba
1669924871.538817 0.000000 2437 2412 -85 318 fd:37:21:f9:cd:15
1669924861.845559 0.000000 2412 2437 -92 1364 fe:1d:bd:f3:58:1d
1669924866.392199 4.546640 2437 2437 -93 1384 fe:1d:bd:f3:58:1d
1669924818.717841 0.000000 2437 2437 -84 2329 fe:24:2e:3e:86:ed
1669924818.024237 0.000000 2437 2437 -90 1788 fe:4d:d2:db:e4:c4
1669924818.155029 0.130792 2437 2437 -81 1186 fe:4d:d2:db:e4:c4
1669924859.399692 0.000000 2437 2412 -88 2863 fe:52:c4:f8:f3:bd
1669924859.420136 0.020444 2412 2412 -89 3685 fe:52:c4:f8:f3:bd
1669924854.104617 0.000000 2412 2437 -89 97 fe:9b:00:3f:89:63
1669924854.109768 0.005151 2437 2437 -90 97 fe:9b:00:3f:89:63
1669924854.112626 0.008009 2437 2437 -90 97 fe:9b:00:3f:89:63
1669924854.114242 0.009625 2437 2437 -91 97 fe:9b:00:3f:89:63
1669924854.117811 0.013194 2437 2437 -91 97 fe:9b:00:3f:89:63
1669924862.525795 8.421178 2437 2462 -80 137 fe:9b:00:3f:89:63
1669924862.532818 8.428201 2462 2462 -89 138 fe:9b:00:3f:89:63
1669924862.741644 8.637027 2462 2437 -82 147 fe:9b:00:3f:89:63
1669924862.761790 8.657173 2437 2437 -83 148 fe:9b:00:3f:89:63
1669924862.794267 8.689650 2437 2437 -85 149 fe:9b:00:3f:89:63
1669924862.832091 8.727474 2437 2462 -85 150 fe:9b:00:3f:89:63
1669924871.389925 17.285308 2462 2437 -78 153 fe:9b:00:3f:89:63
1669924871.436567 17.331950 2437 2462 -81 155 fe:9b:00:3f:89:63
1669924871.559542 17.454925 2462 2462 -79 160 fe:9b:00:3f:89:63
1669924871.704089 17.599472 2462 2437 -75 166 fe:9b:00:3f:89:63
1669924871.797149 17.692532 2437 2412 -90 170 fe:9b:00:3f:89:63
1669924871.864613 17.759996 2412 2437 -84 172 fe:9b:00:3f:89:63
1669924827.372773 0.000000 2437 2412 -83 335 fe:c9:11:6f:13:57
1669924815.326843 0.000000 2412 2462 -90 920 fe:ca:7f:44:67:e2
1669924813.370777 0.000000 2462 2462 -88 885 fe:ca:7f:44:a3:88
1669924815.129832 1.759055 2462 2437 -91 915 fe:ca:7f:44:a3:88
1669924815.146721 1.775944 2437 2437 -92 916 fe:ca:7f:44:a3:88
1669924815.220195 1.849418 2437 2462 -89 917 fe:ca:7f:44:a3:88
1669924815.235558 1.864781 2462 2462 -90 918 fe:ca:7f:44:a3:88
1669924846.687917 0.000000 2462 2437 -91 448 fe:ca:a4:7e:17:43
1669924845.210434 0.000000 2437 2412 -85 2244 fe:cd:d7:36:fb:70
1669924839.992107 0.000000 2412 2412 -87 3013 fe:d7:0d:de:34:8c
1669924840.236173 0.244066 2412 2462 -90 3023 fe:d7:0d:de:34:8c
1669924846.968668 0.000000 2462 2437 -90 2457 fe:fc:9c:4e:dc:5e
1669924846.983019 0.014351 2437 2412 -89 2458 fe:fc:9c:4e:dc:5e
1669924846.993804 0.025136 2412 2412 -89 2459 fe:fc:9c:4e:dc:5e
1669924847.016037 0.047369 2412 2462 -90 2461 fe:fc:9c:4e:dc:5e
1669924859.233074 12.264406 2462 2462 -93 2504 fe:fc:9c:4e:dc:5e
1669924868.621847 21.653179 2462 2412 -91 2506 fe:fc:9c:4e:dc:5e
1669924868.630647 21.661979 2412 2412 -91 2507 fe:fc:9c:4e:dc:5e
1669924847.008032 0.000000 2412 2462 -90 2460 fe:fc:9c:df:de:4d
1669924834.493113 0.000000 2462 2462 -84 3897 fe:fe:bc:c2:73:83
1669924809.809017 0.000000 2462 2437 -73 1163 fe:ff:5b:39:78:04
1669924850.194831 0.000000 2437 2437 -83 3233 ff:83:91:d4:42:7a
