1669928402.055591 0.000000 2462 2462 -91 1070 00:22:58:70:00:dc
1669928402.720976 0.665385 2462 2462 -91 2 00:22:58:70:00:dc
1669928402.984305 0.928714 2462 2437 -87 14 00:22:58:70:00:dc
1669928403.330745 1.275154 2437 2462 -91 23 00:22:58:70:00:dc
1669928403.594483 1.538892 2462 2437 -88 35 00:22:58:70:00:dc
1669928403.982604 1.927013 2437 2462 -88 46 00:22:58:70:00:dc
1669928404.223868 2.168277 2462 2437 -89 57 00:22:58:70:00:dc
1669928404.244681 2.189090 2437 2437 -85 58 00:22:58:70:00:dc
1669928409.633793 7.578202 2437 2462 -92 1 00:22:58:70:00:dc
1669928409.918389 7.862798 2462 2437 -86 14 00:22:58:70:00:dc
1669928417.686543 15.630952 2437 2462 -87 1 00:22:58:70:00:dc
1669928417.708385 15.652794 2462 2462 -89 2 00:22:58:70:00:dc
1669928417.950108 15.894517 2462 2437 -88 13 00:22:58:70:00:dc
1669928417.971034 15.915443 2437 2437 -88 14 00:22:58:70:00:dc
1669928420.725612 18.670021 2437 2462 -88 24 00:22:58:70:00:dc
1669928420.968988 18.913397 2462 2437 -85 35 00:22:58:70:00:dc
1669928420.989123 18.933532 2437 2437 -86 36 00:22:58:70:00:dc
1669928421.032956 18.977365 2437 2437 -86 38 00:22:58:70:00:dc
1669928421.360553 19.304962 2437 2462 -91 46 00:22:58:70:00:dc
1669928421.559047 19.503456 2462 2437 -87 55 00:22:58:70:00:dc
1669928422.009504 19.953913 2437 2462 -93 1 00:22:58:70:00:dc
1669928422.030056 19.974465 2462 2462 -91 3815 00:22:58:70:00:dc
1669928422.297151 20.241560 2462 2437 -88 14 00:22:58:70:00:dc
1669928422.641473 20.585882 2437 2462 -90 23 00:22:58:70:00:dc
1669928422.926951 20.871360 2462 2437 -89 36 00:22:58:70:00:dc
1669928423.102555 21.046964 2437 2462 -86 44 00:22:58:70:00:dc
1669928423.297975 21.242384 2462 2462 -94 46 00:22:58:70:00:dc
1669928423.540653 21.485062 2462 2437 -87 57 00:22:58:70:00:dc
1669928429.210877 27.155286 2437 2437 -87 13 00:22:58:70:00:dc
1669928429.231427 27.175836 2437 2437 -88 14 00:22:58:70:00:dc
1669928437.364046 35.308455 2437 2437 -87 13 00:22:58:70:00:dc
1669928440.119883 38.064292 2437 2462 -87 23 00:22:58:70:00:dc
1669928440.140649 38.085058 2462 2462 -90 24 00:22:58:70:00:dc
1669928440.383170 38.327579 2462 2437 -88 35 00:22:58:70:00:dc
1669928441.016086 38.960495 2437 2437 -87 57 00:22:58:70:00:dc
1669928441.035784 38.980193 2437 2437 -86 58 00:22:58:70:00:dc
1669928441.421999 39.366408 2437 2462 -89 1 00:22:58:70:00:dc
1669928441.684314 39.628723 2462 2437 -87 13 00:22:58:70:00:dc
1669928442.056264 40.000673 2437 2462 -88 23 00:22:58:70:00:dc
1669928442.319223 40.263632 2462 2437 -87 35 00:22:58:70:00:dc
1669928442.340038 40.284447 2437 2437 -87 36 00:22:58:70:00:dc
1669928442.384393 40.328802 2437 2437 -87 38 00:22:58:70:00:dc
1669928442.691172 40.635581 2437 2462 -93 45 00:22:58:70:00:dc
1669928442.711992 40.656401 2462 2462 -94 46 00:22:58:70:00:dc
1669928442.954995 40.899404 2462 2437 -88 57 00:22:58:70:00:dc
1669928442.976520 40.920929 2437 2437 -88 58 00:22:58:70:00:dc
1669928443.130420 41.074829 2437 2462 -88 65 00:22:58:70:00:dc
1669928448.381786 46.326195 2462 2462 -89 2 00:22:58:70:00:dc
1669928448.624064 46.568473 2462 2437 -87 13 00:22:58:70:00:dc
1669928448.644889 46.589298 2437 2437 -86 14 00:22:58:70:00:dc
1669928448.800240 46.744649 2437 2462 -88 21 00:22:58:70:00:dc
1669928448.820374 46.764783 2462 2462 -88 22 00:22:58:70:00:dc
1669928455.953272 53.897681 2462 2437 -88 11 00:22:58:70:00:dc
1669928456.741226 54.685635 2437 2437 -88 31 00:22:58:70:00:dc
1669928456.938141 54.882550 2437 2462 -87 40 00:22:58:70:00:dc
1669928442.076913 0.000000 2462 2462 -90 84 00:22:58:70:80:3e
1669928423.716403 0.000000 2462 2462 -87 72 00:aa:4c:5b:23:dd
1669928405.049851 0.000000 2462 2437 -80 128 01:15:3b:20:18:59
1669928443.176332 0.000000 2437 2437 -91 607 02:67:2a:ac:2d:67
1669928443.196626 0.020294 2437 2437 -85 608 02:67:2a:ac:2d:67
1669928402.947681 0.000000 2437 2437 -80 99 02:7a:b2:27:0b:d0
1669928430.858365 0.000000 2437 2437 -74 3711 02:7f:2f:cd:54:84
1669928454.498408 0.000000 2437 2437 -77 3007 02:a9:e7:d0:aa:d0
1669928407.368294 0.000000 2437 2412 -91 3786 02:d3:61:5e:4d:18
1669928421.974026 0.000000 2412 2437 -91 1488 06:0c:5f:38:8a:c1
1669928422.029720 0.055694 2437 2437 -87 1489 06:0c:5f:38:8a:c1
1669928452.941701 0.000000 2437 2437 -85 2223 06:1b:dc:df:8d:1c
1669928439.165156 0.000000 2437 2412 -91 597 06:59:ae:19:38:2d
1669928439.633334 0.468178 2412 2462 -92 617 06:59:ae:19:38:2d
1669928453.757202 14.592046 2462 2437 -89 629 06:59:ae:19:38:2d
1669928457.912518 0.000000 2437 2412 -91 3697 06:5a:eb:12:03:57
1669928458.041774 0.129256 2412 2462 -82 3703 06:5a:eb:12:03:57
1669928408.749658 0.000000 2462 2437 -87 2767 06:68:03:4a:21:b6
1669928414.561421 5.811763 2437 2437 -92 2787 06:68:03:4a:21:b6
1669928448.911690 0.000000 2437 2462 -92 3273 06:9f:bd:36:a5:55
1669928429.801000 0.000000 2462 2412 -84 1162 08:d2:3e:6a:9d:61
1669928429.991581 0.190581 2412 2437 -83 1166 08:d2:3e:6a:9d:61
1669928430.018125 0.217125 2437 2437 -84 1167 08:d2:3e:6a:9d:61
1669928430.264454 0.463454 2437 2462 -84 1172 08:d2:3e:6a:9d:61
1669928445.363228 0.000000 2462 2437 -91 3965 0a:d9:66:eb:de:4b
1669928424.156190 0.000000 2437 2437 -83 41 0a:db:dd:09:c6:0b
1669928424.169532 0.013342 2437 2437 -81 42 0a:db:dd:09:c6:0b
1669928402.540117 0.000000 2437 2462 -86 376 0a:dc:7c:d0:4d:b4
1669928406.578470 0.000000 2462 2437 -86 1451 0a:f7:c9:f8:ab:51
1669928406.602738 0.024268 2437 2462 -88 1453 0a:f7:c9:f8:ab:51
1669928406.612229 0.033759 2462 2462 -89 1454 0a:f7:c9:f8:ab:51
1669928417.580855 11.002385 2462 2437 -84 1465 0a:f7:c9:f8:ab:51
1669928417.721387 11.142917 2437 2462 -92 1476 0a:f7:c9:f8:ab:51
1669928420.466020 13.887550 2462 2462 -86 1479 0a:f7:c9:f8:ab:51
1669928420.476294 13.897824 2462 2462 -90 1480 0a:f7:c9:f8:ab:51
1669928448.158610 0.000000 2462 2462 -93 52 0a:f8:8c:06:eb:a7
1669928423.198251 0.000000 2462 2437 -84 3410 0c:7a:15:d3:9c:3a
1669928423.247754 0.049503 2437 2437 -84 3411 0c:7a:15:d3:9c:3a
1669928423.441784 0.243533 2437 2462 -91 3417 0c:7a:15:d3:9c:3a
1669928423.501687 0.303436 2462 2462 -91 3418 0c:7a:15:d3:9c:3a
1669928446.678403 0.000000 2462 2412 -83 893 0e:2e:5d:be:24:b2
1669928452.912630 0.000000 2412 2437 -86 3511 0e:49:94:fd:15:a7
1669928443.129441 0.000000 2437 2412 -88 1087 0e:62:a9:1a:2c:9a
1669928436.330250 0.000000 2412 2462 -92 1142 0e:ae:eb:07:d5:cc
1669928436.331743 0.001493 2462 2462 -88 3967 0e:ae:eb:07:d5:cc
1669928406.836114 0.000000 2462 2412 -91 3693 0e:b6:fb:ff:da:79
1669928416.037803 0.000000 2412 2437 -85 1223 0e:bf:fd:ed:ae:98
1669928416.053896 0.016093 2437 2437 -83 1224 0e:bf:fd:ed:ae:98
1669928416.098194 0.060391 2437 2462 -89 1226 0e:bf:fd:ed:ae:98
1669928419.746941 3.709138 2462 2437 -87 1228 0e:bf:fd:ed:ae:98
1669928419.785980 3.748177 2437 2462 -86 1230 0e:bf:fd:ed:ae:98
1669928408.151759 0.000000 2462 2462 -77 43 0e:d0:65:ce:b8:30
1669928406.544749 0.000000 2462 2462 -84 1530 0e:d0:c0:c1:ba:8b
1669928407.715604 0.000000 2462 2462 -82 456 0e:dc:f5:04:c0:2b
1669928407.735640 0.020036 2462 2462 -82 458 0e:dc:f5:04:c0:2b
1669928450.466117 0.000000 2462 2437 -86 93 10:2c:6b:bc:61:c2
1669928406.588688 0.000000 2437 2412 -86 1390 12:19:c4:ca:5f:cd
1669928406.609764 0.021076 2412 2412 -86 896 12:19:c4:ca:5f:cd
1669928417.804015 0.000000 2412 2462 -80 2416 12:30:b7:0e:6e:92
1669928456.325064 0.000000 2462 2437 -86 3832 12:5f:a8:be:10:20
1669928407.634301 0.000000 2437 2437 -83 2934 12:c2:82:db:9a:ab
1669928403.041802 0.000000 2437 2412 -71 1819 14:7d:da:53:e7:0e
1669928403.061568 0.019766 2412 2412 -72 1820 14:7d:da:53:e7:0e
1669928403.085719 0.043917 2412 2412 -72 1821 14:7d:da:53:e7:0e
1669928403.106466 0.064664 2412 2412 -73 1822 14:7d:da:53:e7:0e
1669928403.268281 0.226479 2412 2437 -76 1829 14:7d:da:53:e7:0e
1669928403.294839 0.253037 2437 2437 -76 1830 14:7d:da:53:e7:0e
1669928403.453557 0.411755 2437 2462 -75 1837 14:7d:da:53:e7:0e
1669928403.472957 0.431155 2462 2462 -74 1838 14:7d:da:53:e7:0e
1669928403.490829 0.449027 2462 2462 -75 1839 14:7d:da:53:e7:0e
1669928403.511185 0.469383 2462 2462 -75 1840 14:7d:da:53:e7:0e
1669928420.254824 17.213022 2462 2412 -72 1842 14:7d:da:53:e7:0e
1669928420.256748 17.214946 2412 2412 -71 1843 14:7d:da:53:e7:0e
1669928420.261172 17.219370 2412 2412 -72 1844 14:7d:da:53:e7:0e
1669928420.262701 17.220899 2412 2412 -70 1845 14:7d:da:53:e7:0e
1669928420.266546 17.224744 2412 2412 -70 1846 14:7d:da:53:e7:0e
1669928420.267883 17.226081 2412 2412 -71 1847 14:7d:da:53:e7:0e
1669928420.269289 17.227487 2412 2412 -70 1848 14:7d:da:53:e7:0e
1669928420.270675 17.228873 2412 2412 -72 1849 14:7d:da:53:e7:0e
1669928420.279355 17.237553 2412 2412 -70 1851 14:7d:da:53:e7:0e
1669928420.283853 17.242051 2412 2412 -70 1852 14:7d:da:53:e7:0e
1669928420.285367 17.243565 2412 2412 -70 1853 14:7d:da:53:e7:0e
1669928420.286828 17.245026 2412 2412 -72 1854 14:7d:da:53:e7:0e
1669928420.301218 17.259416 2412 2412 -73 1855 14:7d:da:53:e7:0e
1669928420.302658 17.260856 2412 2412 -73 1856 14:7d:da:53:e7:0e
1669928420.304297 17.262495 2412 2412 -73 1857 14:7d:da:53:e7:0e
1669928420.309268 17.267466 2412 2412 -74 1858 14:7d:da:53:e7:0e
1669928420.312453 17.270651 2412 2412 -71 1859 14:7d:da:53:e7:0e
1669928420.318728 17.276926 2412 2412 -72 1860 14:7d:da:53:e7:0e
1669928420.322264 17.280462 2412 2412 -72 1861 14:7d:da:53:e7:0e
1669928420.332767 17.290965 2412 2412 -72 1864 14:7d:da:53:e7:0e
1669928420.486277 17.444475 2412 2437 -72 1893 14:7d:da:53:e7:0e
1669928420.487842 17.446040 2437 2437 -71 1894 14:7d:da:53:e7:0e
1669928420.489271 17.447469 2437 2437 -69 1895 14:7d:da:53:e7:0e
1669928420.490541 17.448739 2437 2437 -70 1896 14:7d:da:53:e7:0e
1669928420.492443 17.450641 2437 2437 -68 1897 14:7d:da:53:e7:0e
1669928420.497065 17.455263 2437 2437 -69 1898 14:7d:da:53:e7:0e
1669928420.498878 17.457076 2437 2437 -70 1899 14:7d:da:53:e7:0e
1669928420.500816 17.459014 2437 2437 -68 1900 14:7d:da:53:e7:0e
1669928420.506681 17.464879 2437 2437 -69 1902 14:7d:da:53:e7:0e
1669928420.510440 17.468638 2437 2437 -69 1903 14:7d:da:53:e7:0e
1669928420.511866 17.470064 2437 2437 -69 1904 14:7d:da:53:e7:0e
1669928420.513614 17.471812 2437 2437 -69 1905 14:7d:da:53:e7:0e
1669928420.514957 17.473155 2437 2437 -69 1906 14:7d:da:53:e7:0e
1669928420.533691 17.491889 2437 2437 -66 1908 14:7d:da:53:e7:0e
1669928420.535159 17.493357 2437 2437 -63 1909 14:7d:da:53:e7:0e
1669928420.538331 17.496529 2437 2437 -68 1910 14:7d:da:53:e7:0e
1669928420.543320 17.501518 2437 2437 -67 1911 14:7d:da:53:e7:0e
1669928420.549256 17.507454 2437 2437 -68 1912 14:7d:da:53:e7:0e
1669928420.553051 17.511249 2437 2437 -66 1913 14:7d:da:53:e7:0e
1669928420.558551 17.516749 2437 2437 -68 1914 14:7d:da:53:e7:0e
1669928420.559642 17.517840 2437 2437 -67 1915 14:7d:da:53:e7:0e
1669928420.562296 17.520494 2437 2437 -68 1916 14:7d:da:53:e7:0e
1669928420.576921 17.535119 2437 2437 -68 1917 14:7d:da:53:e7:0e
1669928420.578878 17.537076 2437 2437 -69 1918 14:7d:da:53:e7:0e
1669928420.586470 17.544668 2437 2437 -69 1919 14:7d:da:53:e7:0e
1669928420.588296 17.546494 2437 2437 -70 1920 14:7d:da:53:e7:0e
1669928420.590619 17.548817 2437 2437 -67 1921 14:7d:da:53:e7:0e
1669928420.592357 17.550555 2437 2437 -70 1922 14:7d:da:53:e7:0e
1669928420.597840 17.556038 2437 2437 -70 1923 14:7d:da:53:e7:0e
1669928420.614429 17.572627 2437 2437 -74 1924 14:7d:da:53:e7:0e
1669928420.618797 17.576995 2437 2437 -73 1926 14:7d:da:53:e7:0e
1669928420.620337 17.578535 2437 2437 -72 1927 14:7d:da:53:e7:0e
1669928420.622027 17.580225 2437 2437 -72 1928 14:7d:da:53:e7:0e
1669928420.624155 17.582353 2437 2437 -71 1929 14:7d:da:53:e7:0e
1669928420.627543 17.585741 2437 2437 -71 1930 14:7d:da:53:e7:0e
1669928420.629735 17.587933 2437 2437 -72 1931 14:7d:da:53:e7:0e
1669928420.639021 17.597219 2437 2437 -74 1933 14:7d:da:53:e7:0e
1669928420.645490 17.603688 2437 2437 -70 1935 14:7d:da:53:e7:0e
1669928420.649450 17.607648 2437 2437 -71 1936 14:7d:da:53:e7:0e
1669928420.652240 17.610438 2437 2437 -70 1937 14:7d:da:53:e7:0e
1669928420.788856 17.747054 2437 2462 -70 1970 14:7d:da:53:e7:0e
1669928420.790900 17.749098 2462 2462 -71 1971 14:7d:da:53:e7:0e
1669928420.814066 17.772264 2462 2462 -69 1972 14:7d:da:53:e7:0e
1669928420.815972 17.774170 2462 2462 -69 1973 14:7d:da:53:e7:0e
1669928420.817419 17.775617 2462 2462 -71 1974 14:7d:da:53:e7:0e
1669928420.819280 17.777478 2462 2462 -70 1975 14:7d:da:53:e7:0e
1669928420.821782 17.779980 2462 2462 -68 1976 14:7d:da:53:e7:0e
1669928420.823398 17.781596 2462 2462 -68 1977 14:7d:da:53:e7:0e
1669928420.831822 17.790020 2462 2462 -76 1978 14:7d:da:53:e7:0e
1669928420.833835 17.792033 2462 2462 -74 1979 14:7d:da:53:e7:0e
1669928420.835970 17.794168 2462 2462 -76 1980 14:7d:da:53:e7:0e
1669928420.837397 17.795595 2462 2462 -74 1981 14:7d:da:53:e7:0e
1669928420.839482 17.797680 2462 2462 -72 1982 14:7d:da:53:e7:0e
1669928420.841395 17.799593 2462 2462 -73 1983 14:7d:da:53:e7:0e
1669928420.842744 17.800942 2462 2462 -72 1984 14:7d:da:53:e7:0e
1669928420.845895 17.804093 2462 2462 -72 1985 14:7d:da:53:e7:0e
1669928420.857616 17.815814 2462 2462 -74 1987 14:7d:da:53:e7:0e
1669928420.859172 17.817370 2462 2462 -72 1988 14:7d:da:53:e7:0e
1669928420.862522 17.820720 2462 2462 -72 1990 14:7d:da:53:e7:0e
1669928420.863997 17.822195 2462 2462 -73 1991 14:7d:da:53:e7:0e
1669928420.865151 17.823349 2462 2462 -71 1992 14:7d:da:53:e7:0e
1669928420.868355 17.826553 2462 2462 -71 1993 14:7d:da:53:e7:0e
1669928432.097646 0.000000 2462 2462 -93 1729 14:7d:da:6c:5e:b8
1669928449.691215 0.000000 2462 2462 -87 2676 16:1a:91:fc:54:8d
1669928455.487450 0.000000 2462 2462 -88 3259 16:44:8d:98:8d:e9
1669928438.377147 0.000000 2462 2412 -89 164 16:bf:0e:a4:03:a1
1669928438.447291 0.070144 2412 2462 -84 170 16:bf:0e:a4:03:a1
1669928431.123460 0.000000 2462 2462 -90 246 16:e8:b1:4e:ef:22
1669928414.321419 0.000000 2462 2437 -88 2563 1a:0b:3f:01:2c:ad
1669928405.774996 0.000000 2437 2437 -90 878 1a:0d:6f:ee:8a:c2
1669928445.379433 0.000000 2437 2437 -91 821 1a:5d:63:d8:5e:c5
1669928445.434830 0.055397 2437 2437 -91 823 1a:5d:63:d8:5e:c5
1669928417.470623 0.000000 2437 2412 -89 2014 1a:ae:13:29:7d:22
1669928417.478181 0.007558 2412 2412 -86 3459 1a:ae:13:29:7d:22
1669928444.198205 0.000000 2412 2412 -89 3562 1c:57:44:b3:46:3d
1669928404.012659 0.000000 2412 2437 -84 3071 1c:57:dc:61:7c:96
1669928404.044675 0.032016 2437 2437 -87 3072 1c:57:dc:61:7c:96
1669928404.059823 0.047164 2437 2412 -83 3073 1c:57:dc:61:7c:96
1669928404.079539 0.066880 2412 2412 -90 3074 1c:57:dc:61:7c:96
1669928404.355112 0.342453 2412 2412 -87 3086 1c:57:dc:61:7c:96
1669928443.762437 0.000000 2412 2437 -85 3951 1c:57:dc:66:84:78
1669928444.102598 0.340161 2437 2412 -83 3966 1c:57:dc:66:84:78
1669928444.149227 0.386790 2412 2462 -79 3968 1c:57:dc:66:84:78
1669928444.169604 0.407167 2462 2462 -80 3969 1c:57:dc:66:84:78
1669928444.215044 0.452607 2462 2412 -91 3971 1c:57:dc:66:84:78
1669928444.244173 0.481736 2412 2462 -85 3304 1c:57:dc:66:84:78
1669928444.264445 0.502008 2462 2462 -84 3973 1c:57:dc:66:84:78
1669928444.289632 0.527195 2462 2437 -79 3974 1c:57:dc:66:84:78
1669928404.334370 0.000000 2437 2412 -86 3085 1c:57:fc:37:3f:bf
1669928455.909449 0.000000 2412 2437 -88 9 1d:a7:59:70:00:4d
1669928402.399781 0.000000 2437 2437 -89 1884 1e:38:29:78:36:27
1669928404.707118 0.000000 2437 2412 -81 381 1e:48:52:bc:f6:97
1669928404.728301 0.021183 2412 2412 -82 382 1e:48:52:bc:f6:97
1669928459.487157 0.000000 2412 2412 -82 3513 1e:72:dc:f9:af:54
1669928459.496385 0.009228 2412 2412 -82 3514 1e:72:dc:f9:af:54
1669928459.507381 0.020224 2412 2412 -85 3515 1e:72:dc:f9:af:54
1669928459.517525 0.030368 2412 2437 -84 3533 1e:72:dc:f9:af:54
1669928459.518627 0.031470 2437 2437 -81 3534 1e:72:dc:f9:af:54
1669928459.519653 0.032496 2437 2437 -83 3535 1e:72:dc:f9:af:54
1669928412.589930 0.000000 2437 2462 -92 2612 1e:a2:a2:ad:d4:3b
1669928412.598547 0.008617 2462 2462 -89 2613 1e:a2:a2:ad:d4:3b
1669928429.894148 0.000000 2462 2437 -85 2618 1e:d1:f8:0e:25:f7
1669928429.905602 0.011454 2437 2437 -87 548 1e:d1:f8:0e:25:f7
1669928433.719170 0.000000 2437 2437 -60 3928 1e:da:be:07:1f:b5
1669928433.751669 0.032499 2437 2437 -62 3929 1e:da:be:07:1f:b5
1669928435.679920 0.000000 2437 2462 -86 2493 22:1a:e6:36:7d:8c
1669928431.939279 0.000000 2462 2412 -76 442 22:2a:85:4d:64:43
1669928432.828710 0.889431 2412 2437 -86 451 22:2a:85:4d:64:43
1669928432.855533 0.916254 2437 2437 -86 452 22:2a:85:4d:64:43
1669928433.408090 1.468811 2437 2462 -69 460 22:2a:85:4d:64:43
1669928433.592926 1.653647 2462 2462 -80 463 22:2a:85:4d:64:43
1669928452.510739 20.571460 2462 2437 -83 473 22:2a:85:4d:64:43
1669928452.531067 20.591788 2437 2437 -82 474 22:2a:85:4d:64:43
1669928453.035943 21.096664 2437 2462 -68 484 22:2a:85:4d:64:43
1669928453.057179 21.117900 2462 2462 -69 485 22:2a:85:4d:64:43
1669928453.076634 21.137355 2462 2462 -70 486 22:2a:85:4d:64:43
1669928404.674113 0.000000 2462 2437 -74 205 22:4f:ac:b5:28:d6
1669928404.685549 0.011436 2437 2437 -73 206 22:4f:ac:b5:28:d6
1669928408.681256 0.000000 2437 2462 -77 1594 22:81:d9:19:5d:c0
1669928408.702931 0.021675 2462 2462 -80 2299 22:81:d9:19:5d:c0
1669928430.905387 0.000000 2462 2412 -80 2600 22:d0:f4:d1:b1:6d
1669928430.925675 0.020288 2412 2412 -76 2602 22:d0:f4:d1:b1:6d
1669928402.776195 0.000000 2412 2462 -83 1938 26:11:71:0a:18:48
1669928402.831087 0.054892 2462 2462 -83 1896 26:11:71:0a:18:48
1669928457.042393 0.000000 2462 2462 -90 1670 26:28:bd:3c:c4:ff
1669928454.441346 0.000000 2462 2462 -78 48 26:a9:62:67:97:13
1669928454.461620 0.020274 2462 2462 -78 49 26:a9:62:67:97:13
1669928404.753226 0.000000 2462 2462 -68 3459 2a:1f:70:00:9d:35
1669928404.774428 0.021202 2462 2462 -68 3460 2a:1f:70:00:9d:35
1669928411.913944 0.000000 2462 2437 -85 576 2a:71:ce:61:50:10
1669928411.936465 0.022521 2437 2437 -83 577 2a:71:ce:61:50:10
1669928455.333609 0.000000 2437 2462 -89 422 2a:95:49:5f:e1:40
1669928455.524607 0.190998 2462 2412 -90 430 2a:95:49:5f:e1:40
1669928455.610190 0.276581 2412 2437 -88 434 2a:95:49:5f:e1:40
1669928442.953249 0.000000 2437 2437 -83 487 2b:6f:4a:00:87:c1
1669928431.863230 0.000000 2437 2437 -84 3744 2e:1a:a5:dc:d2:01
1669928431.908623 0.045393 2437 2462 -84 3746 2e:1a:a5:dc:d2:01
1669928438.404962 0.000000 2462 2437 -92 3571 2e:27:a6:a7:6c:70
1669928402.596588 0.000000 2437 2412 -88 2739 2e:74:bc:4e:aa:78
1669928408.203712 0.000000 2412 2437 -82 925 2e:d1:a0:69:27:72
1669928408.223961 0.020249 2437 2437 -84 562 2e:d1:a0:69:27:72
1669928429.995300 0.000000 2437 2412 -87 2714 31:6d:df:7c:b7:29
1669928406.962217 0.000000 2412 2437 -80 1188 32:25:cc:92:65:d1
1669928406.962848 0.000631 2437 2437 -78 1189 32:25:cc:92:65:d1
1669928406.963902 0.001685 2437 2437 -81 1190 32:25:cc:92:65:d1
1669928407.006617 0.044400 2437 2437 -71 1191 32:25:cc:92:65:d1
1669928407.007401 0.045184 2437 2437 -78 1192 32:25:cc:92:65:d1
1669928407.008271 0.046054 2437 2437 -81 1193 32:25:cc:92:65:d1
1669928407.409001 0.446784 2437 2462 -88 1218 32:25:cc:92:65:d1
1669928407.409882 0.447665 2462 2462 -88 1219 32:25:cc:92:65:d1
1669928407.449462 0.487245 2462 2462 -84 1221 32:25:cc:92:65:d1
1669928407.450248 0.488031 2462 2462 -84 1222 32:25:cc:92:65:d1
1669928421.692425 14.730208 2462 2437 -87 1226 32:25:cc:92:65:d1
1669928421.734724 14.772507 2437 2437 -88 1227 32:25:cc:92:65:d1
1669928433.203086 26.240869 2437 2437 -85 1232 32:25:cc:92:65:d1
1669928433.343467 26.381250 2437 2462 -86 1235 32:25:cc:92:65:d1
1669928453.004366 0.000000 2462 2462 -78 1823 32:54:7a:c4:59:35
1669928453.024570 0.020204 2462 2462 -78 1825 32:54:7a:c4:59:35
1669928430.020364 0.000000 2462 2462 -81 1095 32:7c:1c:92:18:a3
1669928430.041765 0.021401 2462 2462 -81 1096 32:7c:1c:92:18:a3
1669928406.644105 0.000000 2462 2437 -83 3472 32:80:d5:0e:b6:b3
1669928413.642628 0.000000 2437 2462 -88 1311 33:8b:bd:24:f3:c6
1669928457.158616 0.000000 2462 2462 -81 1103 36:82:b4:57:fc:bb
1669928457.162595 0.003979 2462 2462 -81 2424 36:82:b4:57:fc:bb
1669928457.182018 0.023402 2462 2437 -79 1107 36:82:b4:57:fc:bb
1669928457.202292 0.043676 2437 2437 -79 1109 36:82:b4:57:fc:bb
1669928457.254477 0.095861 2437 2412 -79 1112 36:82:b4:57:fc:bb
1669928457.255821 0.097205 2412 2412 -80 1114 36:82:b4:57:fc:bb
1669928457.270064 0.111448 2412 2412 -86 1115 36:82:b4:57:fc:bb
1669928457.365130 0.206514 2412 2437 -75 1123 36:82:b4:57:fc:bb
1669928457.393943 0.235327 2437 2437 -75 1125 36:82:b4:57:fc:bb
1669928457.506195 0.347579 2437 2437 -75 1136 36:82:b4:57:fc:bb
1669928457.519777 0.361161 2437 2437 -75 1138 36:82:b4:57:fc:bb
1669928429.974485 0.000000 2437 2412 -88 3748 36:8d:3c:fd:6f:55
1669928407.243175 0.000000 2412 2462 -89 3796 36:d3:af:55:6a:87
1669928404.841415 0.000000 2462 2462 -91 2350 36:dc:dc:ee:ef:e1
1669928404.863062 0.021647 2462 2462 -93 2351 36:dc:dc:ee:ef:e1
1669928406.613818 0.000000 2462 2412 -86 898 36:f1:80:af:c3:5a
1669928404.524188 0.000000 2412 2462 -91 3093 38:56:dc:61:7c:96
1669928403.800744 0.000000 2462 2437 -92 4054 38:f9:d3:6e:00:72
1669928402.804331 0.000000 2437 2412 -85 376 38:f9:d3:db:83:bf
1669928402.814455 0.010124 2412 2412 -85 377 38:f9:d3:db:83:bf
1669928403.012280 0.207949 2412 2437 -83 388 38:f9:d3:db:83:bf
1669928403.022506 0.218175 2437 2437 -86 389 38:f9:d3:db:83:bf
1669928403.049968 0.245637 2437 2437 -84 391 38:f9:d3:db:83:bf
1669928403.220159 0.415828 2437 2462 -84 400 38:f9:d3:db:83:bf
1669928403.230734 0.426403 2462 2462 -80 401 38:f9:d3:db:83:bf
1669928450.543245 0.000000 2462 2412 -87 214 39:73:88:5b:2a:ee
1669928428.784428 0.000000 2412 2412 -93 2614 3a:62:8e:f6:ff:d2
1669928428.850323 0.065895 2412 2437 -90 2617 3a:62:8e:f6:ff:d2
1669928428.872983 0.088555 2437 2437 -89 2618 3a:62:8e:f6:ff:d2
1669928456.806515 0.000000 2437 2437 -84 688 3a:ae:d0:f4:0a:20
1669928456.829925 0.023410 2437 2437 -88 689 3a:ae:d0:f4:0a:20
1669928403.246590 0.000000 2437 2437 -89 834 3e:20:e5:83:15:c4
1669928419.104113 0.000000 2437 2412 -83 295 3e:56:5a:58:5c:7d
1669928408.893462 0.000000 2412 2412 -79 3911 3e:68:83:8c:42:ac
1669928408.913637 0.020175 2412 2437 -75 3912 3e:68:83:8c:42:ac
1669928408.936676 0.043214 2437 2437 -78 3913 3e:68:83:8c:42:ac
1669928408.958924 0.065462 2437 2462 -78 3914 3e:68:83:8c:42:ac
1669928408.980605 0.087143 2462 2462 -75 3915 3e:68:83:8c:42:ac
1669928443.228297 0.000000 2462 2462 -89 637 42:55:e9:b5:46:0c
1669928443.248565 0.020268 2462 2462 -88 638 42:55:e9:b5:46:0c
1669928458.966718 0.000000 2462 2462 -79 1311 42:e7:65:18:51:a2
1669928452.826305 0.000000 2462 2437 -82 3360 42:fe:cc:6e:d8:e5
1669928457.105293 0.000000 2437 2462 -83 2699 46:40:2a:69:92:d4
1669928457.160391 0.000000 2462 2462 -82 1565 46:40:62:33:16:fe
1669928408.725580 0.000000 2462 2462 -89 2021 46:49:ba:9e:42:3d
1669928408.868404 0.142824 2462 2462 -84 2309 46:49:ba:9e:42:3d
1669928408.928979 0.203399 2462 2437 -83 2034 46:49:ba:9e:42:3d
1669928408.942830 0.217250 2437 2437 -86 2035 46:49:ba:9e:42:3d
1669928455.753212 0.000000 2437 2437 -91 3302 46:d8:30:1d:af:e2
1669928413.003625 0.000000 2437 2412 -90 161 48:00:00:00:00:00
1669928439.241132 0.000000 2412 2437 -90 1448 48:45:20:5a:57:a8
1669928415.207985 0.000000 2437 2412 -85 1194 48:60:5f:2f:eb:cd
1669928415.685817 0.477832 2412 2437 -75 1216 48:60:5f:2f:eb:cd
1669928415.708700 0.500715 2437 2437 -72 1218 48:60:5f:2f:eb:cd
1669928415.809154 0.601169 2437 2437 -72 1222 48:60:5f:2f:eb:cd
1669928416.196156 0.988171 2437 2462 -71 1234 48:60:5f:2f:eb:cd
1669928416.216884 1.008899 2462 2462 -75 1235 48:60:5f:2f:eb:cd
1669928438.722771 23.514786 2462 2437 -89 1256 48:60:5f:2f:eb:cd
1669928438.770707 23.562722 2437 2437 -85 1260 48:60:5f:2f:eb:cd
1669928438.847254 23.639269 2437 2462 -90 1264 48:60:5f:2f:eb:cd
1669928438.868210 23.660225 2462 2462 -90 1266 48:60:5f:2f:eb:cd
1669928438.888294 23.680309 2462 2462 -91 1268 48:60:5f:2f:eb:cd
1669928438.908440 23.700455 2462 2462 -93 1270 48:60:5f:2f:eb:cd
1669928441.665125 26.457140 2462 2462 -92 1390 48:60:5f:2f:eb:cd
1669928441.726438 26.518453 2462 2462 -91 1396 48:60:5f:2f:eb:cd
1669928441.746593 26.538608 2462 2462 -90 1398 48:60:5f:2f:eb:cd
1669928441.787304 26.579319 2462 2462 -90 1402 48:60:5f:2f:eb:cd
1669928421.343096 0.000000 2462 2412 -90 905 4a:62:70:21:8a:ab
1669928449.786190 0.000000 2412 2437 -81 2003 4a:73:0b:f3:0c:b5
1669928444.949010 0.000000 2437 2462 -84 1708 4a:7a:16:3d:3c:82
1669928444.966050 0.017040 2462 2462 -83 1709 4a:7a:16:3d:3c:82
1669928411.556685 0.000000 2462 2437 -78 2537 4a:a5:e6:db:00:93
1669928411.580683 0.023998 2437 2437 -77 2538 4a:a5:e6:db:00:93
1669928416.123315 0.000000 2437 2437 -70 1174 4c:7f:f2:9f:ec:a7
1669928414.264433 0.000000 2437 2412 -73 1739 4c:bb:58:e1:9c:98
1669928414.500947 0.236514 2412 2437 -70 1742 4c:bb:58:e1:9c:98
1669928414.764898 0.500465 2437 2462 -66 1746 4c:bb:58:e1:9c:98
1669928414.794847 0.530414 2462 2462 -67 1747 4c:bb:58:e1:9c:98
1669928415.296448 1.032015 2462 2412 -72 1754 4c:bb:58:e1:9c:98
1669928415.325556 1.061123 2412 2412 -72 1755 4c:bb:58:e1:9c:98
1669928416.918970 2.654537 2412 2462 -69 1778 4c:bb:58:e1:9c:98
1669928453.657884 0.000000 2462 2462 -85 446 4e:36:ce:57:aa:ad
1669928453.849603 0.191719 2462 2462 -79 453 4e:36:ce:57:aa:ad
1669928453.870545 0.212661 2462 2462 -83 454 4e:36:ce:57:aa:ad
1669928453.970384 0.312500 2462 2462 -84 457 4e:36:ce:57:aa:ad
1669928454.222784 0.564900 2462 2437 -80 467 4e:36:ce:57:aa:ad
1669928454.237830 0.579946 2437 2437 -80 468 4e:36:ce:57:aa:ad
1669928439.953857 0.000000 2437 2412 -82 2895 4e:6a:98:c6:77:5a
1669928406.590483 0.000000 2412 2412 -85 2146 4e:9e:86:e7:47:dd
1669928406.611844 0.021361 2412 2412 -87 897 4e:9e:86:e7:47:dd
1669928415.635554 0.000000 2412 2437 -89 138 4e:c8:73:5f:cf:a1
1669928415.656279 0.020725 2437 2437 -86 139 4e:c8:73:5f:cf:a1
1669928438.523881 0.000000 2437 2437 -89 251 4e:ea:71:95:8f:88
1669928438.606735 0.082854 2437 2462 -87 254 4e:ea:71:95:8f:88
1669928446.837158 8.313277 2462 2437 -81 257 4e:ea:71:95:8f:88
1669928446.858184 8.334303 2437 2437 -83 258 4e:ea:71:95:8f:88
1669928446.925509 8.401628 2437 2462 -90 260 4e:ea:71:95:8f:88
1669928438.585666 0.000000 2462 2462 -89 253 4e:ea:b1:79:c7:88
1669928446.770040 0.000000 2462 2412 -92 255 4f:ea:71:95:8f:88
1669928432.352085 0.000000 2412 2437 -92 2995 50:de:06:2b:26:c2
1669928432.578231 0.226146 2437 2462 -91 3005 50:de:06:2b:26:c2
1669928432.597785 0.245700 2462 2462 -92 3006 50:de:06:2b:26:c2
1669928430.071888 0.000000 2462 2437 -87 2827 50:ed:3c:47:5b:5b
1669928447.987460 17.915572 2437 2462 -83 2849 50:ed:3c:47:5b:5b
1669928448.005641 17.933753 2462 2462 -78 2850 50:ed:3c:47:5b:5b
1669928432.598999 0.000000 2462 2437 -90 963 52:13:b4:f3:53:44
1669928432.603184 0.004185 2437 2437 -89 965 52:13:b4:f3:53:44
1669928432.612133 0.013134 2437 2437 -83 966 52:13:b4:f3:53:44
1669928432.625684 0.026685 2437 2437 -90 968 52:13:b4:f3:53:44
1669928419.031201 0.000000 2437 2437 -87 234 52:16:4a:9d:dd:49
1669928438.621107 0.000000 2437 2437 -89 135 52:23:8e:a6:26:77
1669928407.120522 0.000000 2437 2437 -87 1477 52:24:d1:9e:68:d7
1669928433.765500 0.000000 2437 2462 -72 3944 52:34:36:d3:a2:bb
1669928433.786707 0.021207 2462 2462 -71 3945 52:34:36:d3:a2:bb
1669928408.859670 0.000000 2462 2412 -85 2639 52:3c:e7:83:77:9c
1669928408.937952 0.078282 2412 2437 -85 2643 52:3c:e7:83:77:9c
1669928408.982760 0.123090 2437 2462 -90 2645 52:3c:e7:83:77:9c
1669928407.903884 0.000000 2462 2437 -87 1778 52:46:70:37:07:50
1669928407.916353 0.012469 2437 2437 -89 1780 52:46:70:37:07:50
1669928408.106321 0.202437 2437 2462 -89 1815 52:46:70:37:07:50
1669928408.132004 0.228120 2462 2462 -93 1819 52:46:70:37:07:50
1669928412.545054 0.000000 2462 2437 -78 2705 52:82:0b:ef:0b:b4
1669928424.201207 0.000000 2437 2462 -78 18 52:99:c0:4a:11:fd
1669928424.213406 0.012199 2462 2462 -79 19 52:99:c0:4a:11:fd
1669928412.479588 0.000000 2462 2437 -74 857 52:ea:f6:3d:16:54
1669928412.543056 0.063468 2437 2437 -76 2704 52:ea:f6:3d:16:54
1669928404.198563 0.000000 2437 2412 -79 102 54:8d:5a:13:1d:61
1669928404.260244 0.061681 2412 2412 -77 103 54:8d:5a:13:1d:61
1669928404.331278 0.132715 2412 2462 -74 104 54:8d:5a:13:1d:61
1669928404.403122 0.204559 2462 2437 -72 105 54:8d:5a:13:1d:61
1669928404.501399 0.302836 2437 2412 -82 107 54:8d:5a:13:1d:61
1669928404.608050 0.409487 2412 2437 -74 110 54:8d:5a:13:1d:61
1669928404.624341 0.425778 2437 2437 -73 111 54:8d:5a:13:1d:61
1669928406.418018 0.000000 2437 2462 -92 1156 56:0f:9e:08:1d:90
1669928458.946611 0.000000 2462 2462 -91 3025 56:52:53:de:b1:9c
1669928438.669209 0.000000 2462 2462 -84 176 56:61:2e:c1:f0:85
1669928455.136036 0.000000 2462 2412 -91 3906 56:83:b1:0b:a4:77
1669928405.828365 0.000000 2412 2437 -91 3189 56:9b:e6:3b:80:00
1669928405.843113 0.014748 2437 2437 -89 3190 56:9b:e6:3b:80:00
1669928452.941813 0.000000 2437 2412 -86 2075 56:a6:e0:b9:0b:91
1669928409.864534 0.000000 2412 2437 -92 3698 56:b8:4b:57:73:a7
1669928437.762925 0.000000 2437 2462 -86 589 56:fc:ac:ef:45:aa
1669928437.795951 0.033026 2462 2462 -88 591 56:fc:ac:ef:45:aa
1669928437.800790 0.037865 2462 2462 -87 592 56:fc:ac:ef:45:aa
1669928436.561908 0.000000 2462 2437 -89 1349 58:76:d2:6f:99:d9
1669928428.895235 0.000000 2437 2462 -94 2101 58:ea:ca:a4:27:9d
1669928456.426867 0.000000 2462 2462 -87 3879 5a:5b:db:69:31:d1
1669928407.682603 0.000000 2462 2462 -85 844 5a:71:e1:a2:db:e7
1669928407.700977 0.018374 2462 2462 -87 845 5a:71:e1:a2:db:e7
1669928415.938502 0.000000 2462 2437 -74 1157 5a:7b:c3:5a:cf:a1
1669928415.959090 0.020588 2437 2437 -75 1314 5a:7b:c3:5a:cf:a1
1669928411.715866 0.000000 2437 2462 -84 1991 5a:e3:64:3d:0b:c1
1669928406.249344 0.000000 2462 2437 -90 479 5d:4f:51:0b:a9:7f
1669928444.086193 0.000000 2437 2412 -84 180 5e:79:62:06:ea:a1
1669928444.095732 0.009539 2412 2412 -80 181 5e:79:62:06:ea:a1
1669928444.126981 0.040788 2412 2412 -86 183 5e:79:62:06:ea:a1
1669928444.291285 0.205092 2412 2437 -82 196 5e:79:62:06:ea:a1
1669928444.306827 0.220634 2437 2437 -84 199 5e:79:62:06:ea:a1
1669928444.410788 0.324595 2437 2462 -82 220 5e:79:62:06:ea:a1
1669928444.493986 0.407793 2462 2462 -85 224 5e:79:62:06:ea:a1
1669928444.510506 0.424313 2462 2462 -88 227 5e:79:62:06:ea:a1
1669928419.010734 0.000000 2462 2462 -87 3991 5e:7e:7f:08:46:aa
1669928458.580295 0.000000 2462 2462 -78 1665 5e:de:c6:49:99:8d
1669928458.600247 0.019952 2462 2462 -80 1666 5e:de:c6:49:99:8d
1669928458.925271 0.344976 2462 2437 -76 1679 5e:de:c6:49:99:8d
1669928458.944634 0.364339 2437 2437 -84 1680 5e:de:c6:49:99:8d
1669928459.114250 0.533955 2437 2462 -80 1687 5e:de:c6:49:99:8d
1669928459.134461 0.554166 2462 2462 -80 1688 5e:de:c6:49:99:8d
1669928414.397869 0.000000 2462 2412 -88 3377 5e:ea:61:da:89:bb
1669928414.418105 0.020236 2412 2412 -87 3378 5e:ea:61:da:89:bb
1669928448.698939 0.000000 2412 2462 -79 924 5e:fb:12:64:20:b1
1669928416.409977 0.000000 2462 2437 -88 665 62:a7:5a:ca:b7:cb
1669928416.057813 0.000000 2437 2437 -78 3214 62:d2:36:ff:76:1f
1669928428.530847 0.000000 2437 2412 -91 3150 64:1e:84:ed:a6:61
1669928407.762834 0.000000 2412 2437 -77 1037 66:77:53:08:6d:d2
1669928407.791184 0.028350 2437 2437 -78 1038 66:77:53:08:6d:d2
1669928448.191144 0.000000 2437 2437 -88 1764 66:93:39:b9:b9:ac
1669928448.213922 0.022778 2437 2437 -86 1765 66:93:39:b9:b9:ac
1669928411.601509 0.000000 2437 2412 -86 1589 66:b9:e1:e8:70:07
1669928440.135834 0.000000 2412 2437 -79 2762 66:e7:98:da:16:35
1669928446.464781 0.000000 2437 2462 -86 1526 68:14:90:df:ca:a6
1669928446.478772 0.013991 2462 2462 -86 1527 68:14:90:df:ca:a6
1669928446.490468 0.025687 2462 2462 -87 1528 68:14:90:df:ca:a6
1669928446.881677 0.000000 2462 2437 -84 2978 68:19:30:8c:68:b0
1669928444.603166 0.000000 2437 2462 -93 1089 6a:09:63:8b:67:4b
1669928444.623538 0.020372 2462 2462 -92 1091 6a:09:63:8b:67:4b
1669928444.641107 0.037941 2462 2437 -85 1093 6a:09:63:8b:67:4b
1669928444.661997 0.058831 2437 2437 -86 1095 6a:09:63:8b:67:4b
1669928440.149735 0.000000 2437 2462 -78 234 6a:15:25:20:c1:c0
1669928451.650278 0.000000 2462 2462 -89 1662 6a:2a:4a:12:83:37
1669928440.877414 0.000000 2462 2462 -82 466 6a:31:86:0d:b2:9d
1669928441.000468 0.123054 2462 2437 -81 471 6a:31:86:0d:b2:9d
1669928441.172465 0.295051 2437 2412 -93 478 6a:31:86:0d:b2:9d
1669928441.333409 0.455995 2412 2437 -86 485 6a:31:86:0d:b2:9d
1669928441.441501 0.564087 2437 2462 -89 489 6a:31:86:0d:b2:9d
1669928441.456741 0.579327 2462 2462 -90 490 6a:31:86:0d:b2:9d
1669928450.243249 9.365835 2462 2437 -77 491 6a:31:86:0d:b2:9d
1669928450.263526 9.386112 2437 2437 -78 492 6a:31:86:0d:b2:9d
1669928450.288969 9.411555 2437 2462 -80 493 6a:31:86:0d:b2:9d
1669928450.309595 9.432181 2462 2462 -83 494 6a:31:86:0d:b2:9d
1669928450.389591 9.512177 2462 2437 -80 497 6a:31:86:0d:b2:9d
1669928450.452430 9.575016 2437 2437 -80 500 6a:31:86:0d:b2:9d
1669928434.555889 0.000000 2437 2437 -84 1223 6a:5b:67:b4:33:ec
1669928434.773113 0.000000 2437 2437 -81 32 6a:b8:be:a3:7a:0f
1669928425.735563 0.000000 2437 2437 -89 782 6e:4e:9b:43:80:63
1669928418.892635 0.000000 2437 2412 -73 89 6e:b3:01:b1:45:4a
1669928418.958586 0.065951 2412 2437 -63 92 6e:b3:01:b1:45:4a
1669928418.983985 0.091350 2437 2462 -68 93 6e:b3:01:b1:45:4a
1669928419.006024 0.113389 2462 2462 -67 94 6e:b3:01:b1:45:4a
1669928446.494539 0.000000 2462 2412 -88 3336 6e:bb:bf:37:f4:20
1669928446.514765 0.020226 2412 2412 -86 3337 6e:bb:bf:37:f4:20
1669928446.551483 0.056944 2412 2437 -86 3338 6e:bb:bf:37:f4:20
1669928446.571363 0.076824 2437 2437 -87 3339 6e:bb:bf:37:f4:20
1669928402.574853 0.000000 2437 2412 -84 1563 6e:e1:a4:6a:d1:7a
1669928405.022705 0.000000 2412 2437 -89 4045 70:3d:13:c0:12:ce
1669928457.927625 0.000000 2437 2437 -87 3853 70:b3:17:c0:42:c0
1669928425.472413 0.000000 2437 2437 -87 1502 70:b3:17:c0:42:c1
1669928404.689418 0.000000 2437 2437 -90 3339 70:b3:17:c0:42:c2
1669928423.229079 0.000000 2437 2437 -89 1331 70:b3:17:c0:42:c3
1669928410.336868 0.000000 2437 2437 -89 357 70:b3:17:c0:42:c5
1669928439.213837 28.876969 2437 2437 -89 3068 70:b3:17:c0:42:c5
1669928414.821907 0.000000 2437 2437 -87 696 70:b3:97:39:43:c1
1669928404.269903 0.000000 2437 2437 -89 3987 70:b3:e7:8e:87:8f
1669928410.523303 0.000000 2437 2412 -91 2826 70:bc:10:6b:da:7e
1669928410.524427 0.001124 2412 2412 -90 2827 70:bc:10:6b:da:7e
1669928410.953661 0.430358 2412 2437 -92 2837 70:bc:10:6b:da:7e
1669928415.363551 4.840248 2437 2462 -88 2890 70:bc:10:6b:da:7e
1669928408.960939 0.000000 2462 2462 -91 2644 71:e0:f5:99:77:9c
1669928412.359371 0.000000 2462 2412 -91 1397 72:74:46:fd:d0:f3
1669928407.244526 0.000000 2412 2462 -90 963 72:a7:7e:ec:96:a7
1669928440.444135 0.000000 2462 2462 -81 2621 72:bf:3b:c0:e8:c2
1669928417.592889 0.000000 2462 2437 -82 1016 72:f5:ff:97:87:cb
1669928411.273584 0.000000 2437 2437 -92 2786 76:1e:e7:cb:4e:a7
1669928430.204262 18.930678 2437 2437 -89 2809 76:1e:e7:cb:4e:a7
1669928430.404150 19.130566 2437 2462 -88 2818 76:1e:e7:cb:4e:a7
1669928430.425527 19.151943 2462 2462 -90 2819 76:1e:e7:cb:4e:a7
1669928421.195777 0.000000 2462 2437 -88 696 76:22:2e:a3:4f:bd
1669928408.063505 0.000000 2437 2462 -84 2082 76:a5:00:5f:0d:ba
1669928408.084001 0.020496 2462 2462 -85 1564 76:a5:00:5f:0d:ba
1669928408.842164 0.000000 2462 2412 -78 3461 76:f9:45:51:e2:68
1669928423.277055 0.000000 2412 2462 -93 346 77:44:d9:97:1d:9d
1669928417.602662 0.000000 2462 2437 -81 1018 78:ff:4d:aa:1b:c0
1669928408.333802 0.000000 2437 2437 -75 3874 7a:59:7c:7a:43:85
1669928416.472116 0.000000 2437 2462 -76 1471 7a:64:c8:f2:5b:c5
1669928458.533923 0.000000 2462 2412 -83 2778 7a:8a:2c:25:fb:bc
1669928458.552113 0.018190 2412 2412 -86 1706 7a:8a:2c:25:fb:bc
1669928433.811901 0.000000 2412 2462 -67 1248 7a:f1:c5:2a:2a:c6
1669928433.833168 0.021267 2462 2462 -68 1249 7a:f1:c5:2a:2a:c6
1669928430.831280 0.000000 2462 2462 -80 1853 7a:f8:bb:95:48:24
1669928430.832477 0.001197 2462 2462 -80 1854 7a:f8:bb:95:48:24
1669928408.230071 0.000000 2462 2412 -89 1995 7e:2c:4f:1c:b0:bb
1669928407.808524 0.000000 2412 2412 -87 2891 7e:a4:f2:d6:30:5b
1669928407.829274 0.020750 2412 2412 -85 2892 7e:a4:f2:d6:30:5b
1669928429.572599 0.000000 2412 2462 -64 2726 7e:cf:46:5b:83:d9
1669928447.332678 0.000000 2462 2412 -92 4062 80:65:7c:e0:04:95
1669928404.633176 0.000000 2412 2412 -79 1632 80:8a:bd:24:18:59
1669928404.700450 0.067274 2412 2412 -83 1636 80:8a:bd:24:18:59
1669928404.702699 0.069523 2412 2412 -84 1637 80:8a:bd:24:18:59
1669928404.901202 0.268026 2412 2437 -77 1646 80:8a:bd:24:18:59
1669928404.993804 0.360628 2437 2437 -78 1647 80:8a:bd:24:18:59
1669928404.996097 0.362921 2437 2437 -78 1648 80:8a:bd:24:18:59
1669928404.998251 0.365075 2437 2437 -76 1649 80:8a:bd:24:18:59
1669928405.244455 0.611279 2437 2462 -78 1659 80:8a:bd:24:18:59
1669928405.248971 0.615795 2462 2462 -78 1661 80:8a:bd:24:18:59
1669928405.380456 0.747280 2462 2462 -80 1665 80:8a:bd:24:18:59
1669928405.384956 0.751780 2462 2462 -81 1667 80:8a:bd:24:18:59
1669928419.937300 0.000000 2462 2412 -89 1438 80:8a:bd:24:33:9a
1669928419.940265 0.002965 2412 2412 -87 1439 80:8a:bd:24:33:9a
1669928419.942453 0.005153 2412 2412 -88 1440 80:8a:bd:24:33:9a
1669928420.283466 0.346166 2412 2437 -81 1454 80:8a:bd:24:33:9a
1669928420.285629 0.348329 2437 2437 -82 1455 80:8a:bd:24:33:9a
1669928420.328216 0.390916 2437 2437 -77 1457 80:8a:bd:24:33:9a
1669928420.330493 0.393193 2437 2437 -78 1458 80:8a:bd:24:33:9a
1669928420.521246 0.583946 2437 2462 -83 1467 80:8a:bd:24:33:9a
1669928420.644732 0.707432 2462 2462 -77 1471 80:8a:bd:24:33:9a
1669928420.649294 0.711994 2462 2462 -77 1473 80:8a:bd:24:33:9a
1669928413.325844 0.000000 2462 2437 -82 1296 80:8a:bd:24:33:aa
1669928413.644843 0.318999 2437 2462 -89 1312 80:8a:bd:24:33:aa
1669928405.382708 0.000000 2462 2462 -80 1666 80:8a:bd:60:1a:59
1669928441.734046 0.000000 2462 2462 -92 3009 82:0a:6e:21:5e:ae
1669928441.875000 0.140954 2462 2437 -78 3015 82:0a:6e:21:5e:ae
1669928441.947491 0.213445 2437 2437 -81 3018 82:0a:6e:21:5e:ae
1669928442.020771 0.286725 2437 2437 -82 3021 82:0a:6e:21:5e:ae
1669928448.930166 0.000000 2437 2437 -92 2536 82:10:6a:91:52:b9
1669928449.176215 0.246049 2437 2462 -91 2547 82:10:6a:91:52:b9
1669928446.737201 0.000000 2462 2462 -90 823 82:58:45:2f:bb:36
1669928413.392153 0.000000 2462 2437 -81 736 82:8a:bd:24:1e:d5
1669928404.806140 0.000000 2437 2462 -77 2178 82:8b:e2:d3:4a:ca
1669928404.828491 0.022351 2462 2462 -79 2179 82:8b:e2:d3:4a:ca
1669928405.038490 0.232350 2462 2437 -83 2188 82:8b:e2:d3:4a:ca
1669928405.056240 0.250100 2437 2437 -82 2189 82:8b:e2:d3:4a:ca
1669928405.074685 0.268545 2437 2462 -79 2190 82:8b:e2:d3:4a:ca
1669928405.097591 0.291451 2462 2462 -82 2191 82:8b:e2:d3:4a:ca
1669928405.145938 0.339798 2462 2412 -92 2193 82:8b:e2:d3:4a:ca
1669928406.641476 0.000000 2412 2437 -83 3733 82:c0:c1:2d:66:dd
1669928406.661957 0.020481 2437 2437 -80 2951 82:c0:c1:2d:66:dd
1669928402.949355 0.000000 2437 2437 -80 100 86:00:f3:a8:db:c9
1669928425.848815 0.000000 2437 2462 -91 3016 86:1d:b1:6b:07:99
1669928425.870413 0.021598 2462 2462 -79 3017 86:1d:b1:6b:07:99
1669928426.874878 0.000000 2462 2437 -92 2546 86:8c:60:0d:99:19
1669928435.790141 0.000000 2437 2462 -85 2508 86:c8:c4:2e:61:4a
1669928435.810479 0.020338 2462 2462 -84 2509 86:c8:c4:2e:61:4a
1669928435.900569 0.110428 2462 2437 -85 2513 86:c8:c4:2e:61:4a
1669928455.484771 0.000000 2437 2462 -88 1087 86:fe:31:f0:9d:83
1669928435.950583 0.000000 2462 2412 -80 1821 89:9f:bb:85:f2:e6
1669928444.983524 0.000000 2412 2437 -82 2495 8a:05:c0:f3:80:86
1669928432.719065 0.000000 2437 2462 -71 3856 8a:16:08:14:78:f8
1669928432.739219 0.020154 2462 2462 -71 3857 8a:16:08:14:78:f8
1669928432.763492 0.044427 2462 2412 -77 3858 8a:16:08:14:78:f8
1669928432.789420 0.070355 2412 2412 -74 3859 8a:16:08:14:78:f8
1669928431.901586 0.000000 2412 2462 -87 1374 8a:78:8f:d5:0c:11
1669928438.077040 6.175454 2462 2437 -87 1380 8a:78:8f:d5:0c:11
1669928438.179131 6.277545 2437 2462 -88 1384 8a:78:8f:d5:0c:11
1669928438.234147 6.332561 2462 2412 -94 1386 8a:78:8f:d5:0c:11
1669928413.766769 0.000000 2412 2412 -85 2839 8a:9c:15:f2:e6:43
1669928417.591582 0.000000 2412 2437 -82 2321 8a:b5:6d:b8:1b:20
1669928458.762154 0.000000 2437 2437 -82 1541 8e:6c:f1:ae:20:88
1669928415.110297 0.000000 2437 2437 -92 2281 8e:81:b3:91:bd:4c
1669928455.632793 0.000000 2437 2437 -85 937 8e:a4:00:6b:de:c0
1669928455.698565 0.065772 2437 2437 -83 940 8e:a4:00:6b:de:c0
1669928433.891888 0.000000 2437 2437 -87 3682 8e:ad:a7:82:8b:47
1669928455.629984 0.000000 2437 2437 -87 2272 8e:b1:27:a9:88:83
1669928455.685012 0.055028 2437 2437 -81 938 8e:b1:27:a9:88:83
1669928415.940041 0.000000 2437 2437 -73 1313 8e:d8:7f:dd:4b:40
1669928415.960362 0.020321 2437 2437 -75 1315 8e:d8:7f:dd:4b:40
1669928451.534847 0.000000 2437 2437 -81 375 8e:dd:45:2b:89:9b
1669928435.682164 0.000000 2437 2462 -86 2494 92:80:23:92:e3:24
1669928407.746950 0.000000 2462 2412 -88 1065 92:ae:b5:f1:9e:90
1669928432.555759 0.000000 2412 2437 -86 2312 92:de:47:22:ed:65
1669928455.813894 0.000000 2437 2462 -85 1909 95:0b:c9:87:bc:81
1669928433.932117 0.000000 2462 2412 -88 392 96:13:46:99:cb:ae
1669928408.831152 0.000000 2412 2412 -84 1497 96:4f:58:a3:a0:9b
1669928440.469988 0.000000 2412 2437 -79 1985 96:9b:d0:6c:97:b5
1669928417.572820 0.000000 2437 2437 -80 2324 96:e9:f4:16:91:2a
1669928417.582343 0.009523 2437 2437 -84 2326 96:e9:f4:16:91:2a
1669928427.592343 0.000000 2437 2437 -80 661 96:fc:e1:24:79:cf
1669928427.612465 0.020122 2437 2437 -81 662 96:fc:e1:24:79:cf
1669928427.658878 0.066535 2437 2437 -81 664 96:fc:e1:24:79:cf
1669928427.745222 0.152879 2437 2462 -89 668 96:fc:e1:24:79:cf
1669928429.367459 0.000000 2462 2437 -91 1206 9a:02:d3:91:36:09
1669928429.389122 0.021663 2437 2437 -89 1207 9a:02:d3:91:36:09
1669928446.061651 0.000000 2437 2437 -77 751 9a:6b:fa:74:7f:aa
1669928435.657225 0.000000 2437 2462 -88 302 9a:9c:40:69:e6:23
1669928435.678416 0.021191 2462 2462 -84 2492 9a:9c:40:69:e6:23
1669928417.479270 0.000000 2462 2412 -87 3460 9a:a6:a1:4a:ae:6b
1669928446.372531 0.000000 2412 2437 -86 228 9c:0a:50:f1:5c:71
1669928435.856323 0.000000 2437 2437 -89 1045 9d:55:b4:9c:26:37
1669928452.799377 0.000000 2437 2462 -88 1880 9e:4a:1f:aa:85:ac
1669928455.364460 0.000000 2462 2412 -88 2587 9e:6b:53:2e:8d:0b
1669928412.408190 0.000000 2412 2462 -86 490 9e:83:93:5a:96:74
1669928417.575260 0.000000 2462 2437 -92 2110 9e:a0:46:c7:0f:b5
1669928417.595188 0.019928 2437 2437 -93 2111 9e:a0:46:c7:0f:b5
1669928458.760674 0.000000 2437 2437 -82 1742 a2:1f:d1:f9:14:aa
1669928458.767095 0.006421 2437 2437 -85 2063 a2:1f:d1:f9:14:aa
1669928407.366995 0.000000 2437 2412 -90 2335 a2:38:5b:f9:ab:7c
1669928406.646246 0.000000 2412 2437 -84 2943 a2:7b:cd:35:e1:cd
1669928406.665456 0.019210 2437 2437 -84 2953 a2:7b:cd:35:e1:cd
1669928445.570549 0.000000 2437 2412 -87 2663 a2:ed:55:aa:11:67
1669928428.776970 0.000000 2412 2437 -90 3159 a4:83:e7:36:a6:35
1669928408.365558 0.000000 2437 2412 -88 2555 a4:83:e7:9c:6c:f8
1669928420.647049 0.000000 2412 2462 -78 1472 a4:ce:2f:21:0c:00
1669928401.970103 0.000000 2462 2462 -88 39 a6:57:95:3d:e3:c3
1669928421.620899 0.000000 2462 2437 -91 964 a6:9c:9a:98:45:3c
1669928411.528391 0.000000 2437 2412 -34 2336 a8:86:60:da:7d:7b
1669928411.532389 0.003998 2412 2412 -36 2337 a8:86:60:da:7d:7b
1669928411.612787 0.084396 2412 2412 -36 2338 a8:86:60:da:7d:7b
1669928411.615012 0.086621 2412 2412 -35 2339 a8:86:60:da:7d:7b
1669928411.763633 0.235242 2412 2437 -34 2343 a8:86:60:da:7d:7b
1669928411.846614 0.318223 2437 2437 -27 2344 a8:86:60:da:7d:7b
1669928411.848589 0.320198 2437 2462 -76 2345 a8:86:60:da:7d:7b
1669928411.848610 0.320219 2462 2437 -27 2345 a8:86:60:da:7d:7b
1669928411.910388 0.381997 2437 2437 -27 2346 a8:86:60:da:7d:7b
1669928411.912770 0.384379 2437 2412 -69 2347 a8:86:60:da:7d:7b
1669928411.912789 0.384398 2412 2437 -27 2347 a8:86:60:da:7d:7b
1669928412.015024 0.486633 2437 2437 -28 2348 a8:86:60:da:7d:7b
1669928412.016961 0.488570 2437 2437 -30 2349 a8:86:60:da:7d:7b
1669928412.268378 0.739987 2437 2462 -27 2354 a8:86:60:da:7d:7b
1669928412.270942 0.742551 2462 2412 -86 2355 a8:86:60:da:7d:7b
1669928412.270962 0.742571 2412 2462 -28 2355 a8:86:60:da:7d:7b
1669928412.352797 0.824406 2462 2462 -25 2356 a8:86:60:da:7d:7b
1669928412.354819 0.826428 2462 2462 -26 2357 a8:86:60:da:7d:7b
1669928431.529627 20.001236 2462 2412 -37 2376 a8:86:60:da:7d:7b
1669928431.531752 20.003361 2412 2412 -35 2377 a8:86:60:da:7d:7b
1669928431.633930 20.105539 2412 2412 -34 2378 a8:86:60:da:7d:7b
1669928431.635829 20.107438 2412 2412 -35 2379 a8:86:60:da:7d:7b
1669928431.700508 20.172117 2412 2462 -77 2381 a8:86:60:da:7d:7b
1669928431.826953 20.298562 2462 2437 -28 2384 a8:86:60:da:7d:7b
1669928431.828964 20.300573 2437 2412 -83 2385 a8:86:60:da:7d:7b
1669928431.828983 20.300592 2412 2437 -27 2385 a8:86:60:da:7d:7b
1669928431.911413 20.383022 2437 2437 -27 2386 a8:86:60:da:7d:7b
1669928431.911432 20.383041 2437 2462 -73 2386 a8:86:60:da:7d:7b
1669928431.913334 20.384943 2462 2412 -70 2387 a8:86:60:da:7d:7b
1669928431.913354 20.384963 2412 2437 -27 2387 a8:86:60:da:7d:7b
1669928431.995986 20.467595 2437 2437 -29 2388 a8:86:60:da:7d:7b
1669928431.998008 20.469617 2437 2437 -30 2389 a8:86:60:da:7d:7b
1669928432.062758 20.534367 2437 2412 -77 2391 a8:86:60:da:7d:7b
1669928432.146928 20.618537 2412 2462 -35 2393 a8:86:60:da:7d:7b
1669928432.209234 20.680843 2462 2462 -27 2394 a8:86:60:da:7d:7b
1669928432.211263 20.682872 2462 2462 -28 2395 a8:86:60:da:7d:7b
1669928432.273737 20.745346 2462 2462 -27 2396 a8:86:60:da:7d:7b
1669928432.275909 20.747518 2462 2462 -25 2397 a8:86:60:da:7d:7b
1669928451.547749 40.019358 2462 2412 -36 2416 a8:86:60:da:7d:7b
1669928451.549679 40.021288 2412 2412 -37 2417 a8:86:60:da:7d:7b
1669928451.731577 40.203186 2412 2462 -78 2420 a8:86:60:da:7d:7b
1669928451.733480 40.205089 2462 2462 -78 2421 a8:86:60:da:7d:7b
1669928451.798153 40.269762 2462 2437 -34 2423 a8:86:60:da:7d:7b
1669928451.798173 40.269782 2437 2462 -80 2534 a8:86:60:da:7d:7b
1669928451.860178 40.331787 2462 2437 -27 2424 a8:86:60:da:7d:7b
1669928451.862073 40.333682 2437 2437 -28 2425 a8:86:60:da:7d:7b
1669928451.924726 40.396335 2437 2412 -69 2426 a8:86:60:da:7d:7b
1669928451.924746 40.396355 2412 2437 -28 2426 a8:86:60:da:7d:7b
1669928451.927225 40.398834 2437 2412 -72 2427 a8:86:60:da:7d:7b
1669928451.927245 40.398854 2412 2462 -72 2427 a8:86:60:da:7d:7b
1669928452.009029 40.480638 2462 2437 -30 2428 a8:86:60:da:7d:7b
1669928452.011008 40.482617 2437 2437 -29 2429 a8:86:60:da:7d:7b
1669928452.073825 40.545434 2437 2412 -76 2430 a8:86:60:da:7d:7b
1669928452.075795 40.547404 2412 2412 -76 2431 a8:86:60:da:7d:7b
1669928452.224177 40.695786 2412 2462 -27 2435 a8:86:60:da:7d:7b
1669928452.288677 40.760286 2462 2462 -25 2437 a8:86:60:da:7d:7b
1669928417.351505 0.000000 2462 2412 -87 3621 aa:2b:ea:5a:50:47
1669928417.642490 0.290985 2412 2437 -90 3634 aa:2b:ea:5a:50:47
1669928427.132551 9.781046 2437 2462 -92 3644 aa:2b:ea:5a:50:47
1669928427.155630 9.804125 2462 2462 -91 3645 aa:2b:ea:5a:50:47
1669928453.296942 0.000000 2462 2437 -87 2809 aa:36:0b:e1:d1:36
1669928433.857287 0.000000 2437 2412 -72 1811 aa:75:36:68:76:11
1669928433.878513 0.021226 2412 2412 -73 1812 aa:75:36:68:76:11
1669928403.704030 0.000000 2412 2412 -95 491 aa:b8:96:f2:50:45
1669928403.725960 0.021930 2412 2412 -89 492 aa:b8:96:f2:50:45
1669928403.930459 0.226429 2412 2437 -92 501 aa:b8:96:f2:50:45
1669928403.950987 0.246957 2437 2437 -88 502 aa:b8:96:f2:50:45
1669928406.788422 3.084392 2437 2437 -88 523 aa:b8:96:f2:50:45
1669928407.014376 3.310346 2437 2462 -90 533 aa:b8:96:f2:50:45
1669928407.033793 3.329763 2462 2462 -87 534 aa:b8:96:f2:50:45
1669928413.934497 10.230467 2462 2437 -90 545 aa:b8:96:f2:50:45
1669928413.935697 10.231667 2437 2437 -88 546 aa:b8:96:f2:50:45
1669928414.124878 10.420848 2437 2462 -90 555 aa:b8:96:f2:50:45
1669928412.689341 0.000000 2462 2462 -80 132 aa:cd:ef:0c:fd:7e
1669928412.710102 0.020761 2462 2462 -76 134 aa:cd:ef:0c:fd:7e
1669928446.545180 0.000000 2462 2412 -82 2917 ae:2f:5d:ae:69:b0
1669928446.546553 0.001373 2412 2412 -84 2918 ae:2f:5d:ae:69:b0
1669928446.549406 0.004226 2412 2412 -83 2920 ae:2f:5d:ae:69:b0
1669928446.579315 0.034135 2412 2412 -87 2924 ae:2f:5d:ae:69:b0
1669928446.590505 0.045325 2412 2437 -79 2925 ae:2f:5d:ae:69:b0
1669928446.592091 0.046911 2437 2437 -81 2926 ae:2f:5d:ae:69:b0
1669928446.594240 0.049060 2437 2437 -80 2927 ae:2f:5d:ae:69:b0
1669928446.595731 0.050551 2437 2437 -79 2928 ae:2f:5d:ae:69:b0
1669928446.614279 0.069099 2437 2437 -75 2930 ae:2f:5d:ae:69:b0
1669928446.615308 0.070128 2437 2437 -73 2931 ae:2f:5d:ae:69:b0
1669928446.616918 0.071738 2437 2437 -76 2932 ae:2f:5d:ae:69:b0
1669928446.636307 0.091127 2437 2462 -90 2934 ae:2f:5d:ae:69:b0
1669928446.637391 0.092211 2462 2462 -92 2935 ae:2f:5d:ae:69:b0
1669928446.638798 0.093618 2462 2462 -89 2936 ae:2f:5d:ae:69:b0
1669928446.698615 0.153435 2462 2412 -84 2945 ae:2f:5d:ae:69:b0
1669928446.699638 0.154458 2412 2412 -82 2946 ae:2f:5d:ae:69:b0
1669928446.700712 0.155532 2412 2412 -83 2947 ae:2f:5d:ae:69:b0
1669928446.701855 0.156675 2412 2412 -82 2948 ae:2f:5d:ae:69:b0
1669928446.880342 0.335162 2412 2437 -84 2977 ae:2f:5d:ae:69:b0
1669928446.883307 0.338127 2437 2437 -83 2979 ae:2f:5d:ae:69:b0
1669928446.884553 0.339373 2437 2437 -83 2980 ae:2f:5d:ae:69:b0
1669928446.995857 0.450677 2437 2462 -83 2999 ae:2f:5d:ae:69:b0
1669928447.016312 0.471132 2462 2462 -82 3003 ae:2f:5d:ae:69:b0
1669928446.573901 0.000000 2462 2412 -84 2922 ae:2f:7d:bc:69:b0
1669928452.155751 0.000000 2412 2437 -80 2414 ae:2f:8d:f3:97:58
1669928412.688144 0.000000 2437 2462 -76 3712 ae:85:8a:e0:bf:4e
1669928412.708867 0.020723 2462 2462 -81 133 ae:85:8a:e0:bf:4e
1669928404.795227 0.000000 2462 2437 -83 467 b2:08:02:64:e9:37
1669928404.817122 0.021895 2437 2437 -87 468 b2:08:02:64:e9:37
1669928434.557660 0.000000 2437 2437 -87 1449 b2:14:fa:97:cb:b7
1669928402.311926 0.000000 2437 2462 -85 2560 b2:84:71:92:75:99
1669928429.420870 0.000000 2462 2437 -63 2204 b2:87:66:09:05:90
1669928415.553453 0.000000 2437 2462 -64 2177 b2:87:66:09:27:81
1669928415.290925 0.000000 2462 2412 -38 2166 b2:87:66:09:27:91
1669928415.290945 0.000020 2412 2437 -63 2166 b2:87:66:09:27:91
1669928415.293030 0.002105 2437 2412 -38 2167 b2:87:66:09:27:91
1669928415.293049 0.002124 2412 2437 -63 2167 b2:87:66:09:27:91
1669928415.355137 0.064212 2437 2412 -40 2168 b2:87:66:09:27:91
1669928415.355157 0.064232 2412 2437 -60 2168 b2:87:66:09:27:91
1669928415.357205 0.066280 2437 2437 -58 2169 b2:87:66:09:27:91
1669928415.357224 0.066299 2437 2412 -40 2169 b2:87:66:09:27:91
1669928415.399155 0.108230 2412 2437 -53 2170 b2:87:66:09:27:91
1669928415.402401 0.111476 2437 2437 -54 2171 b2:87:66:09:27:91
1669928415.463283 0.172358 2437 2462 -72 2172 b2:87:66:09:27:91
1669928415.465426 0.174501 2462 2437 -41 2173 b2:87:66:09:27:91
1669928415.507332 0.216407 2437 2412 -64 2174 b2:87:66:09:27:91
1669928415.507352 0.216427 2412 2462 -70 2174 b2:87:66:09:27:91
1669928415.509511 0.218586 2462 2412 -66 2175 b2:87:66:09:27:91
1669928415.509530 0.218605 2412 2437 -34 2175 b2:87:66:09:27:91
1669928415.509545 0.218620 2437 2462 -70 2175 b2:87:66:09:27:91
1669928415.551287 0.260362 2462 2437 -30 2176 b2:87:66:09:27:91
1669928415.551306 0.260381 2437 2462 -70 2176 b2:87:66:09:27:91
1669928415.553434 0.262509 2462 2437 -31 2177 b2:87:66:09:27:91
1669928415.615478 0.324553 2437 2437 -32 2178 b2:87:66:09:27:91
1669928415.617554 0.326629 2437 2437 -33 2179 b2:87:66:09:27:91
1669928415.682132 0.391207 2437 2412 -85 2181 b2:87:66:09:27:91
1669928415.682152 0.391227 2412 2462 -58 2181 b2:87:66:09:27:91
1669928415.769983 0.479058 2462 2462 -37 2185 b2:87:66:09:27:91
1669928415.782332 0.491407 2462 2437 -71 2186 b2:87:66:09:27:91
1669928415.782352 0.491427 2437 2462 -36 2186 b2:87:66:09:27:91
1669928415.785081 0.494156 2462 2462 -35 2187 b2:87:66:09:27:91
1669928415.826729 0.535804 2462 2437 -73 2188 b2:87:66:09:27:91
1669928415.826749 0.535824 2437 2462 -37 2188 b2:87:66:09:27:91
1669928415.828929 0.538004 2462 2462 -38 2189 b2:87:66:09:27:91
1669928415.890549 0.599624 2462 2412 -86 2190 b2:87:66:09:27:91
1669928429.423229 14.132304 2412 2412 -38 2205 b2:87:66:09:27:91
1669928429.423249 14.132324 2412 2437 -62 2205 b2:87:66:09:27:91
1669928429.486428 14.195503 2437 2412 -39 2206 b2:87:66:09:27:91
1669928429.486448 14.195523 2412 2437 -58 2206 b2:87:66:09:27:91
1669928429.489377 14.198452 2437 2412 -40 2207 b2:87:66:09:27:91
1669928429.489396 14.198471 2412 2437 -58 2207 b2:87:66:09:27:91
1669928429.499027 14.208102 2437 2437 -52 2208 b2:87:66:09:27:91
1669928429.501371 14.210446 2437 2437 -51 2209 b2:87:66:09:27:91
1669928429.543129 14.252204 2437 2437 -41 2210 b2:87:66:09:27:91
1669928429.543149 14.252224 2437 2462 -73 2210 b2:87:66:09:27:91
1669928429.545279 14.254354 2462 2412 -56 2211 b2:87:66:09:27:91
1669928429.545299 14.254374 2412 2437 -40 2211 b2:87:66:09:27:91
1669928429.557749 14.266824 2437 2462 -69 2212 b2:87:66:09:27:91
1669928429.559807 14.268882 2462 2412 -65 2213 b2:87:66:09:27:91
1669928429.559826 14.268901 2412 2462 -70 2213 b2:87:66:09:27:91
1669928429.572580 14.281655 2462 2437 -30 2214 b2:87:66:09:27:91
1669928429.574777 14.283852 2437 2437 -32 2215 b2:87:66:09:27:91
1669928429.616427 14.325502 2437 2437 -32 2216 b2:87:66:09:27:91
1669928429.618621 14.327696 2437 2437 -33 2217 b2:87:66:09:27:91
1669928429.618637 14.327712 2437 2462 -58 2217 b2:87:66:09:27:91
1669928429.661104 14.370179 2462 2437 -82 2218 b2:87:66:09:27:91
1669928429.664176 14.373251 2437 2412 -86 2219 b2:87:66:09:27:91
1669928429.724478 14.433553 2412 2437 -50 2220 b2:87:66:09:27:91
1669928429.726554 14.435629 2437 2437 -52 2221 b2:87:66:09:27:91
1669928429.768483 14.477558 2437 2437 -61 2222 b2:87:66:09:27:91
1669928429.768503 14.477578 2437 2462 -37 2222 b2:87:66:09:27:91
1669928429.771076 14.480151 2462 2437 -60 2223 b2:87:66:09:27:91
1669928429.812553 14.521628 2437 2462 -36 2224 b2:87:66:09:27:91
1669928429.814608 14.523683 2462 2437 -62 2225 b2:87:66:09:27:91
1669928429.814628 14.523703 2437 2462 -34 2225 b2:87:66:09:27:91
1669928429.858653 14.567728 2462 2437 -76 2227 b2:87:66:09:27:91
1669928429.900553 14.609628 2437 2412 -88 2228 b2:87:66:09:27:91
1669928445.300879 30.009954 2412 2412 -38 2242 b2:87:66:09:27:91
1669928445.309230 30.018305 2412 2412 -38 2243 b2:87:66:09:27:91
1669928445.364152 30.073227 2412 2412 -39 2244 b2:87:66:09:27:91
1669928445.366280 30.075355 2412 2412 -40 2245 b2:87:66:09:27:91
1669928445.366299 30.075374 2412 2437 -57 2245 b2:87:66:09:27:91
1669928445.428285 30.137360 2437 2437 -53 2246 b2:87:66:09:27:91
1669928445.430453 30.139528 2437 2437 -53 2247 b2:87:66:09:27:91
1669928445.442972 30.152047 2437 2412 -55 2248 b2:87:66:09:27:91
1669928445.442991 30.152066 2412 2437 -42 2248 b2:87:66:09:27:91
1669928445.445313 30.154388 2437 2412 -57 2249 b2:87:66:09:27:91
1669928445.445332 30.154407 2412 2437 -41 2249 b2:87:66:09:27:91
1669928445.445347 30.154422 2437 2462 -73 2249 b2:87:66:09:27:91
1669928445.486931 30.196006 2462 2412 -64 2250 b2:87:66:09:27:91
1669928445.486951 30.196026 2412 2437 -34 2250 b2:87:66:09:27:91
1669928445.489064 30.198139 2437 2462 -69 2251 b2:87:66:09:27:91
1669928445.489084 30.198159 2462 2412 -66 2251 b2:87:66:09:27:91
1669928445.489099 30.198174 2412 2437 -34 2251 b2:87:66:09:27:91
1669928445.531530 30.240605 2437 2462 -70 2252 b2:87:66:09:27:91
1669928445.534265 30.243340 2462 2412 -70 2253 b2:87:66:09:27:91
1669928445.534285 30.243360 2412 2437 -31 2253 b2:87:66:09:27:91
1669928445.534300 30.243375 2437 2462 -70 2253 b2:87:66:09:27:91
1669928445.595108 30.304183 2462 2412 -75 2254 b2:87:66:09:27:91
1669928445.595128 30.304203 2412 2437 -33 2254 b2:87:66:09:27:91
1669928445.597282 30.306357 2437 2437 -33 2255 b2:87:66:09:27:91
1669928445.597302 30.306377 2437 2462 -59 2255 b2:87:66:09:27:91
1669928445.639154 30.348229 2462 2412 -83 2256 b2:87:66:09:27:91
1669928445.686585 30.395660 2412 2412 -83 2259 b2:87:66:09:27:91
1669928445.686605 30.395680 2412 2462 -44 2259 b2:87:66:09:27:91
1669928445.727157 30.436232 2462 2462 -81 2260 b2:87:66:09:27:91
1669928445.729336 30.438411 2462 2437 -60 2261 b2:87:66:09:27:91
1669928445.729356 30.438431 2437 2462 -37 2261 b2:87:66:09:27:91
1669928445.741738 30.450813 2462 2437 -70 2262 b2:87:66:09:27:91
1669928445.741758 30.450833 2437 2462 -35 2262 b2:87:66:09:27:91
1669928445.744161 30.453236 2462 2437 -72 2263 b2:87:66:09:27:91
1669928445.744181 30.453256 2437 2462 -35 2263 b2:87:66:09:27:91
1669928445.786081 30.495156 2462 2437 -72 2264 b2:87:66:09:27:91
1669928445.786101 30.495176 2437 2462 -37 2264 b2:87:66:09:27:91
1669928445.788328 30.497403 2462 2462 -35 2265 b2:87:66:09:27:91
1669928445.833899 30.542974 2462 2412 -86 2267 b2:87:66:09:27:91
1669928445.300899 0.000000 2412 2437 -62 2242 b2:87:66:81:23:91
1669928429.618601 0.000000 2437 2412 -74 256 b2:87:9c:00:00:00
1669928417.791143 0.000000 2412 2462 -80 1026 b3:0f:59:8f:68:92
1669928444.625933 0.000000 2462 2412 -78 228 b4:8c:9d:8b:a5:4f
1669928444.627082 0.001149 2412 2412 -77 229 b4:8c:9d:8b:a5:4f
1669928444.627956 0.002023 2412 2412 -75 230 b4:8c:9d:8b:a5:4f
1669928444.628870 0.002937 2412 2412 -77 231 b4:8c:9d:8b:a5:4f
1669928444.629674 0.003741 2412 2412 -78 232 b4:8c:9d:8b:a5:4f
1669928444.706649 0.080716 2412 2412 -77 233 b4:8c:9d:8b:a5:4f
1669928444.707495 0.081562 2412 2412 -77 234 b4:8c:9d:8b:a5:4f
1669928444.708346 0.082413 2412 2412 -80 235 b4:8c:9d:8b:a5:4f
1669928445.081503 0.455570 2412 2437 -71 253 b4:8c:9d:8b:a5:4f
1669928445.082349 0.456416 2437 2437 -70 254 b4:8c:9d:8b:a5:4f
1669928445.083134 0.457201 2437 2437 -71 255 b4:8c:9d:8b:a5:4f
1669928445.162378 0.536445 2437 2437 -74 258 b4:8c:9d:8b:a5:4f
1669928445.163912 0.537979 2437 2437 -73 259 b4:8c:9d:8b:a5:4f
1669928445.164778 0.538845 2437 2437 -75 260 b4:8c:9d:8b:a5:4f
1669928445.165653 0.539720 2437 2437 -74 261 b4:8c:9d:8b:a5:4f
1669928445.166420 0.540487 2437 2437 -74 262 b4:8c:9d:8b:a5:4f
1669928445.417102 0.791169 2437 2462 -79 273 b4:8c:9d:8b:a5:4f
1669928445.417948 0.792015 2462 2462 -77 274 b4:8c:9d:8b:a5:4f
1669928445.418817 0.792884 2462 2462 -78 275 b4:8c:9d:8b:a5:4f
1669928445.478986 0.853053 2462 2462 -76 278 b4:8c:9d:8b:a5:4f
1669928445.479901 0.853968 2462 2462 -76 279 b4:8c:9d:8b:a5:4f
1669928445.480757 0.854824 2462 2462 -77 280 b4:8c:9d:8b:a5:4f
1669928445.482630 0.856697 2462 2462 -78 282 b4:8c:9d:8b:a5:4f
1669928438.160851 0.000000 2462 2437 -85 995 b6:0f:6c:7f:d3:55
1669928458.505221 0.000000 2437 2462 -89 4087 b6:14:5d:70:16:8c
1669928406.637308 0.000000 2462 2437 -82 1957 b6:57:62:62:a9:e0
1669928406.658550 0.021242 2437 2437 -82 2949 b6:57:62:62:a9:e0
1669928438.136401 0.000000 2437 2437 -86 2395 b6:8f:9e:cf:c8:66
1669928438.145313 0.008912 2437 2437 -89 2848 b6:8f:9e:cf:c8:66
1669928408.729197 0.000000 2437 2437 -77 3978 b6:fd:b0:e4:61:ed
1669928408.754883 0.025686 2437 2437 -77 3979 b6:fd:b0:e4:61:ed
1669928417.328257 0.000000 2437 2412 -90 3620 b8:0f:22:21:93:a9
1669928454.755569 0.000000 2412 2437 -88 138 b8:31:b5:90:fc:39
1669928454.756632 0.001063 2437 2437 -86 139 b8:31:b5:90:fc:39
1669928454.300011 0.000000 2437 2437 -80 3859 ba:0d:d4:c2:45:af
1669928454.351985 0.051974 2437 2462 -89 3861 ba:0d:d4:c2:45:af
1669928447.462344 0.000000 2462 2437 -89 2664 ba:47:7c:18:05:07
1669928414.274002 0.000000 2437 2462 -90 847 ba:97:1c:d0:d0:c7
1669928458.983650 0.000000 2462 2462 -81 1312 ba:a3:3c:bf:33:47
1669928456.764991 0.000000 2462 2462 -87 561 ba:a3:cb:52:48:59
1669928456.790065 0.025074 2462 2462 -85 563 ba:a3:cb:52:48:59
1669928406.542960 0.000000 2462 2462 -84 1 ba:e1:d1:8e:2d:e2
1669928406.563525 0.020565 2462 2462 -85 1379 ba:e1:d1:8e:2d:e2
1669928411.548364 0.000000 2462 2437 -91 932 ba:ee:3a:46:e1:e0
1669928403.065734 0.000000 2437 2437 -82 2708 be:2b:09:cf:74:48
1669928455.363008 0.000000 2437 2412 -89 2586 be:82:61:a5:fe:fe
1669928434.554387 0.000000 2412 2437 -84 2939 be:82:7e:93:fd:6e
1669928438.590332 0.000000 2437 2412 -89 0 c0:b5:d7:91:6a:2f
1669928438.593186 0.002854 2412 2412 -92 3 c0:b5:d7:91:6a:2f
1669928453.416307 0.000000 2412 2462 -76 2557 c0:fd:8b:1d:59:22
1669928407.165436 0.000000 2462 2462 -92 26 c2:16:ce:b4:c5:e0
1669928407.293161 0.127725 2462 2437 -84 32 c2:16:ce:b4:c5:e0
1669928417.764755 0.000000 2437 2462 -78 407 c2:1d:91:93:dc:29
1669928406.770046 0.000000 2462 2462 -91 2580 c2:f1:e9:e8:19:40
1669928446.966397 0.000000 2462 2462 -90 2542 c2:fd:8b:3d:4b:22
1669928453.107034 6.140637 2462 2462 -82 2544 c2:fd:8b:3d:4b:22
1669928453.127332 6.160935 2462 2462 -81 2545 c2:fd:8b:3d:4b:22
1669928453.305031 6.338634 2462 2412 -87 2552 c2:fd:8b:3d:4b:22
1669928453.350695 6.384298 2412 2437 -84 2554 c2:fd:8b:3d:4b:22
1669928453.371029 6.404632 2437 2437 -78 2555 c2:fd:8b:3d:4b:22
1669928453.396031 6.429634 2437 2462 -85 2556 c2:fd:8b:3d:4b:22
1669928453.699977 6.733580 2462 2437 -83 2569 c2:fd:8b:3d:4b:22
1669928415.060073 0.000000 2437 2437 -66 1154 c4:9f:fb:f3:bc:ce
1669928433.491030 0.000000 2437 2462 -93 2766 c4:bd:e5:a5:da:6b
1669928442.983506 0.000000 2462 2437 -82 488 c6:54:3a:44:85:c1
1669928442.997793 0.014287 2437 2437 -82 489 c6:54:3a:44:85:c1
1669928414.327158 0.000000 2437 2462 -89 2535 c6:64:b6:de:c2:77
1669928439.031708 0.000000 2462 2462 -91 2275 c8:09:a8:76:5e:21
1669928421.618070 0.000000 2462 2437 -71 3094 ca:12:17:76:e4:d5
1669928402.483066 0.000000 2437 2462 -80 3713 ca:4d:6a:3c:98:26
1669928402.503296 0.020230 2462 2462 -81 3714 ca:4d:6a:3c:98:26
1669928448.752066 0.000000 2462 2462 -74 2683 ca:7c:b3:6e:f1:97
1669928408.346384 0.000000 2462 2437 -89 1007 ca:c7:31:f5:ee:5f
1669928439.385394 31.039010 2437 2437 -91 1118 ca:c7:31:f5:ee:5f
1669928417.787447 0.000000 2437 2462 -77 3733 ca:d6:d2:46:f8:88
1669928417.802544 0.015097 2462 2462 -81 2415 ca:d6:d2:46:f8:88
1669928424.785586 0.000000 2462 2437 -88 1453 cc:58:4a:a4:8f:ce
1669928447.840610 0.000000 2437 2437 -89 3576 ce:0f:ed:d1:6e:0a
1669928447.860038 0.019428 2437 2437 -87 3577 ce:0f:ed:d1:6e:0a
1669928451.778000 0.000000 2437 2462 -88 1574 ce:40:75:a2:68:ef
1669928439.979983 0.000000 2462 2462 -77 197 ce:a8:ff:ff:5b:06
1669928417.577947 0.000000 2462 2437 -83 2325 d2:25:94:50:eb:11
1669928431.280334 0.000000 2437 2462 -91 3492 d2:3e:f9:c0:f4:b4
1669928431.335683 0.055349 2462 2462 -92 3493 d2:3e:f9:c0:f4:b4
1669928431.454190 0.173856 2462 2437 -88 3305 d2:3e:f9:c0:f4:b4
1669928449.568178 0.000000 2437 2412 -81 2811 d2:80:fa:37:78:26
1669928449.999294 0.000000 2412 2437 -83 176 d2:a9:bb:f6:e2:91
1669928414.367580 0.000000 2437 2412 -86 1907 d6:38:d6:0e:6c:77
1669928414.389316 0.021736 2412 2412 -86 1908 d6:38:d6:0e:6c:77
1669928414.306907 0.000000 2412 2462 -90 1258 d6:52:3a:06:95:0e
1669928452.958137 0.000000 2462 2437 -80 2046 d6:a1:f6:85:94:38
1669928416.059403 0.000000 2437 2437 -77 3086 d6:df:b0:a9:41:f6
1669928421.532054 0.000000 2437 2462 -93 375 d8:9c:67:6c:8e:83
1669928425.004634 3.472580 2462 2462 -94 417 d8:9c:67:6c:8e:83
1669928425.014583 3.482529 2462 2462 -91 418 d8:9c:67:6c:8e:83
1669928432.076729 10.544675 2462 2412 -89 445 d8:9c:67:6c:8e:83
1669928432.086773 10.554719 2412 2412 -89 446 d8:9c:67:6c:8e:83
1669928432.097379 10.565325 2412 2412 -87 551 d8:9c:67:6c:8e:83
1669928432.177833 10.645779 2412 2437 -78 449 d8:9c:67:6c:8e:83
1669928432.181753 10.649699 2437 2437 -88 450 d8:9c:67:6c:8e:83
1669928434.941915 13.409861 2437 2437 -78 501 d8:9c:67:6c:8e:83
1669928434.952138 13.420084 2437 2437 -79 502 d8:9c:67:6c:8e:83
1669928435.055028 13.522974 2437 2412 -82 507 d8:9c:67:6c:8e:83
1669928435.065463 13.533409 2412 2412 -83 508 d8:9c:67:6c:8e:83
1669928435.658902 14.126848 2412 2437 -87 527 d8:9c:67:6c:8e:83
1669928435.669516 14.137462 2437 2437 -86 528 d8:9c:67:6c:8e:83
1669928435.761388 14.229334 2437 2412 -85 532 d8:9c:67:6c:8e:83
1669928435.775537 14.243483 2412 2412 -86 533 d8:9c:67:6c:8e:83
1669928436.948721 15.416667 2412 2412 -88 541 d8:9c:67:6c:8e:83
1669928437.013456 15.481402 2412 2437 -82 542 d8:9c:67:6c:8e:83
1669928437.023808 15.491754 2437 2437 -82 543 d8:9c:67:6c:8e:83
1669928437.034032 15.501978 2437 2437 -82 544 d8:9c:67:6c:8e:83
1669928437.099951 15.567897 2437 2462 -89 547 d8:9c:67:6c:8e:83
1669928437.114051 15.581997 2462 2462 -89 548 d8:9c:67:6c:8e:83
1669928437.119198 15.587144 2462 2462 -90 549 d8:9c:67:6c:8e:83
1669928438.234463 16.702409 2462 2462 -90 586 d8:9c:67:6c:8e:83
1669928438.254710 16.722656 2462 2462 -79 587 d8:9c:67:6c:8e:83
1669928408.130730 0.000000 2462 2437 -83 279 da:01:57:eb:9e:e6
1669928448.236240 0.000000 2437 2462 -85 3595 da:06:f7:10:8c:3b
1669928455.631377 0.000000 2462 2437 -85 13 da:2c:4d:58:f1:d8
1669928455.694161 0.062784 2437 2437 -84 939 da:2c:4d:58:f1:d8
1669928411.961747 0.000000 2437 2412 -87 2493 da:54:bf:6d:57:32
1669928411.979823 0.018076 2412 2412 -86 2494 da:54:bf:6d:57:32
1669928420.960542 0.000000 2412 2412 -40 2640 da:a1:19:cf:e3:73
1669928421.007396 0.046854 2412 2412 -40 2641 da:a1:19:cf:e3:73
1669928421.042794 0.082252 2412 2412 -41 2642 da:a1:19:cf:e3:73
1669928421.083293 0.122751 2412 2412 -38 2643 da:a1:19:cf:e3:73
1669928421.126823 0.166281 2412 2412 -49 2644 da:a1:19:cf:e3:73
1669928421.295781 0.335239 2412 2437 -31 2648 da:a1:19:cf:e3:73
1669928421.336996 0.376454 2437 2437 -31 2649 da:a1:19:cf:e3:73
1669928421.378675 0.418133 2437 2437 -28 2650 da:a1:19:cf:e3:73
1669928421.419594 0.459052 2437 2437 -30 2651 da:a1:19:cf:e3:73
1669928421.503799 0.543257 2437 2437 -35 2653 da:a1:19:cf:e3:73
1669928421.716328 0.755786 2437 2462 -50 2658 da:a1:19:cf:e3:73
1669928421.800350 0.839808 2462 2462 -48 2660 da:a1:19:cf:e3:73
1669928421.850178 0.889636 2462 2462 -46 2661 da:a1:19:cf:e3:73
1669928406.546520 0.000000 2462 2462 -85 1908 da:ce:ee:51:af:16
1669928406.567151 0.020631 2462 2462 -84 1381 da:ce:ee:51:af:16
1669928436.217121 0.000000 2462 2462 -92 3712 dc:e5:5b:1a:79:eb
1669928453.788328 0.000000 2462 2462 -89 1284 dc:fb:48:cf:d4:60
1669928402.362970 0.000000 2462 2462 -87 2384 de:0f:4f:99:d8:1e
1669928449.953769 0.000000 2462 2462 -75 1522 de:27:65:0e:fb:16
1669928407.969259 0.000000 2462 2437 -79 3375 de:30:28:e6:2f:73
1669928407.989570 0.020311 2437 2437 -79 1221 de:30:28:e6:2f:73
1669928451.915875 0.000000 2437 2462 -93 27 de:55:82:a6:45:d3
1669928452.371381 0.455506 2462 2437 -87 61 de:55:82:a6:45:d3
1669928454.954459 3.038584 2437 2462 -91 116 de:55:82:a6:45:d3
1669928454.958246 3.042371 2462 2462 -90 117 de:55:82:a6:45:d3
1669928455.000911 3.085036 2462 2462 -93 120 de:55:82:a6:45:d3
1669928455.034140 3.118265 2462 2462 -90 125 de:55:82:a6:45:d3
1669928456.168389 4.252514 2462 2462 -89 126 de:55:82:a6:45:d3
1669928456.174693 4.258818 2462 2462 -91 127 de:55:82:a6:45:d3
1669928456.201841 4.285966 2462 2462 -90 131 de:55:82:a6:45:d3
1669928456.203614 4.287739 2462 2462 -92 132 de:55:82:a6:45:d3
1669928456.206965 4.291090 2462 2462 -93 133 de:55:82:a6:45:d3
1669928456.235188 4.319313 2462 2462 -87 136 de:55:82:a6:45:d3
1669928456.237837 4.321962 2462 2462 -89 137 de:55:82:a6:45:d3
1669928456.248892 4.333017 2462 2462 -91 140 de:55:82:a6:45:d3
1669928456.276767 4.360892 2462 2462 -90 146 de:55:82:a6:45:d3
1669928456.287387 4.371512 2462 2462 -92 147 de:55:82:a6:45:d3
1669928456.347567 4.431692 2462 2462 -89 159 de:55:82:a6:45:d3
1669928456.349925 4.434050 2462 2462 -89 160 de:55:82:a6:45:d3
1669928402.155050 0.000000 2462 2437 -91 1949 de:79:41:f7:d1:7c
1669928424.002452 0.000000 2437 2437 -90 1675 de:7e:db:17:6a:24
1669928448.350036 0.000000 2437 2437 -87 1122 de:87:b1:b8:a5:77
1669928454.926510 6.576474 2437 2462 -90 1131 de:87:b1:b8:a5:77
1669928458.046021 9.695985 2462 2462 -89 1154 de:87:b1:b8:a5:77
1669928423.040512 0.000000 2462 2437 -91 1320 e0:d4:64:3d:1e:31
1669928448.647215 0.000000 2437 2462 -77 927 e2:38:cc:84:21:ce
1669928453.295038 0.000000 2462 2437 -89 242 e2:79:d5:cd:41:83
1669928430.953299 0.000000 2437 2412 -90 2281 e2:c2:b7:38:03:af
1669928430.973896 0.020597 2412 2412 -92 655 e2:c2:b7:38:03:af
1669928456.855194 0.000000 2412 2437 -86 451 e2:ec:e8:fe:d1:97
1669928403.004238 0.000000 2437 2412 -83 654 e4:70:b8:ba:d7:cc
1669928403.065012 0.060774 2412 2412 -83 655 e4:70:b8:ba:d7:cc
1669928403.182899 0.178661 2412 2437 -76 659 e4:70:b8:ba:d7:cc
1669928403.317930 0.313692 2437 2462 -79 664 e4:70:b8:ba:d7:cc
1669928403.338210 0.333972 2462 2462 -79 665 e4:70:b8:ba:d7:cc
1669928458.106524 55.102286 2462 2412 -84 683 e4:70:b8:ba:d7:cc
1669928458.166239 55.162001 2412 2412 -84 685 e4:70:b8:ba:d7:cc
1669928458.172070 55.167832 2412 2412 -84 686 e4:70:b8:ba:d7:cc
1669928426.603559 0.000000 2412 2412 -82 752 e4:a4:71:ce:7e:12
1669928426.625223 0.021664 2412 2437 -70 753 e4:a4:71:ce:7e:12
1669928426.687886 0.084327 2437 2437 -67 754 e4:a4:71:ce:7e:12
1669928426.727651 0.124092 2437 2462 -75 755 e4:a4:71:ce:7e:12
1669928426.788636 0.185077 2462 2462 -72 756 e4:a4:71:ce:7e:12
1669928426.878352 0.274793 2462 2437 -69 760 e4:a4:71:ce:7e:12
1669928426.907961 0.304402 2437 2437 -69 761 e4:a4:71:ce:7e:12
1669928418.851463 0.000000 2437 2412 -90 2304 e6:70:fa:30:8e:b4
1669928459.006655 40.155192 2412 2462 -90 2312 e6:70:fa:30:8e:b4
1669928459.075554 40.224091 2462 2462 -91 2313 e6:70:fa:30:8e:b4
1669928406.540920 0.000000 2462 2462 -84 776 e6:ce:f1:b3:61:e4
1669928406.561721 0.020801 2462 2462 -86 1378 e6:ce:f1:b3:61:e4
1669928436.403221 0.000000 2462 2462 -42 397 e8:50:8b:43:31:2c
1669928435.953895 0.000000 2462 2412 -75 1325 e8:50:8b:43:9b:6d
1669928435.632217 0.000000 2412 2412 -56 1301 e8:50:8b:43:b1:20
1669928435.664317 0.032100 2412 2412 -58 1302 e8:50:8b:43:b1:20
1669928435.665715 0.033498 2412 2412 -57 1303 e8:50:8b:43:b1:20
1669928435.667530 0.035313 2412 2412 -60 1304 e8:50:8b:43:b1:20
1669928435.746654 0.114437 2412 2412 -58 1308 e8:50:8b:43:b1:20
1669928435.748192 0.115975 2412 2412 -60 1309 e8:50:8b:43:b1:20
1669928435.749490 0.117273 2412 2412 -55 1310 e8:50:8b:43:b1:20
1669928435.950603 0.318386 2412 2437 -54 1323 e8:50:8b:43:b1:20
1669928435.953925 0.321708 2437 2437 -53 1325 e8:50:8b:43:b1:20
1669928435.993120 0.360903 2437 2412 -77 1326 e8:50:8b:43:b1:20
1669928435.993140 0.360923 2412 2437 -55 1326 e8:50:8b:43:b1:20
1669928435.994548 0.362331 2437 2412 -78 1327 e8:50:8b:43:b1:20
1669928435.994568 0.362351 2412 2437 -54 1327 e8:50:8b:43:b1:20
1669928436.035392 0.403175 2437 2437 -54 1329 e8:50:8b:43:b1:20
1669928436.036820 0.404603 2437 2437 -53 1330 e8:50:8b:43:b1:20
1669928436.039353 0.407136 2437 2437 -53 1331 e8:50:8b:43:b1:20
1669928436.073821 0.441604 2437 2437 -53 1332 e8:50:8b:43:b1:20
1669928436.075223 0.443006 2437 2437 -53 1333 e8:50:8b:43:b1:20
1669928436.076849 0.444632 2437 2437 -53 1334 e8:50:8b:43:b1:20
1669928436.115545 0.483328 2437 2437 -57 1336 e8:50:8b:43:b1:20
1669928436.119170 0.486953 2437 2437 -55 1337 e8:50:8b:43:b1:20
1669928436.155827 0.523610 2437 2437 -59 1339 e8:50:8b:43:b1:20
1669928436.157419 0.525202 2437 2437 -55 1340 e8:50:8b:43:b1:20
1669928436.239049 0.606832 2437 2437 -62 1346 e8:50:8b:43:b1:20
1669928436.361075 0.728858 2437 2462 -43 1353 e8:50:8b:43:b1:20
1669928436.364887 0.732670 2462 2462 -42 1355 e8:50:8b:43:b1:20
1669928436.401823 0.769606 2462 2462 -42 1356 e8:50:8b:43:b1:20
1669928436.405044 0.772827 2462 2462 -42 1358 e8:50:8b:43:b1:20
1669928436.443526 0.811309 2462 2462 -41 1359 e8:50:8b:43:b1:20
1669928436.445979 0.813762 2462 2462 -42 1360 e8:50:8b:43:b1:20
1669928436.447324 0.815107 2462 2462 -42 1361 e8:50:8b:43:b1:20
1669928436.482943 0.850726 2462 2462 -41 1362 e8:50:8b:43:b1:20
1669928436.484435 0.852218 2462 2462 -43 1363 e8:50:8b:43:b1:20
1669928436.487301 0.855084 2462 2462 -43 1364 e8:50:8b:43:b1:20
1669928440.968909 0.000000 2462 2437 -92 1312 e9:8b:35:5b:e8:cd
1669928433.725290 0.000000 2437 2462 -92 485 ea:1d:55:fd:bf:14
1669928447.425808 0.000000 2462 2462 -88 2519 ea:5a:48:e7:13:04
1669928447.445833 0.020025 2462 2462 -93 2520 ea:5a:48:e7:13:04
1669928419.727454 0.000000 2462 2462 -82 3117 ea:5b:ab:79:6c:32
1669928419.747902 0.020448 2462 2462 -78 3118 ea:5b:ab:79:6c:32
1669928419.773525 0.046071 2462 2437 -87 3119 ea:5b:ab:79:6c:32
1669928419.818954 0.091500 2437 2412 -88 3121 ea:5b:ab:79:6c:32
1669928419.840266 0.112812 2412 2412 -91 3122 ea:5b:ab:79:6c:32
1669928402.598553 0.000000 2412 2412 -88 2740 ea:63:dd:b4:0b:81
1669928446.738509 0.000000 2412 2462 -92 450 ea:a5:b3:88:bd:32
1669928408.249563 0.000000 2462 2412 -90 3446 ee:94:50:f7:f7:62
1669928434.091242 0.000000 2412 2437 -85 1876 f0:77:c3:39:b5:25
1669928402.549502 0.000000 2437 2437 -80 369 f2:5d:72:64:bc:79
1669928414.352580 0.000000 2437 2437 -85 997 f2:6b:3a:93:c7:a6
1669928414.373059 0.020479 2437 2437 -85 998 f2:6b:3a:93:c7:a6
1669928406.595020 0.000000 2437 2412 -88 2244 f2:c2:ae:23:c4:86
1669928406.616020 0.021000 2412 2412 -86 899 f2:c2:ae:23:c4:86
1669928408.048758 0.000000 2412 2437 -78 1459 f2:db:91:82:29:16
1669928416.452928 0.000000 2437 2462 -75 1470 f2:f5:c1:18:03:b8
1669928429.557729 0.000000 2462 2437 -34 778 f6:90:ec:bb:ec:e5
1669928423.638937 0.000000 2437 2437 -92 513 f6:f7:4a:b9:0a:75
1669928418.627958 0.000000 2437 2462 -92 3258 f8:4d:89:67:69:7a
1669928437.513621 0.000000 2462 2412 -87 432 f8:59:71:51:d1:4b
1669928437.574423 0.060802 2412 2412 -86 433 f8:59:71:51:d1:4b
1669928437.645335 0.131714 2412 2462 -85 434 f8:59:71:51:d1:4b
1669928437.732872 0.219251 2462 2437 -78 435 f8:59:71:51:d1:4b
1669928437.793709 0.280088 2437 2437 -79 436 f8:59:71:51:d1:4b
1669928438.068600 0.554979 2437 2462 -84 444 f8:59:71:51:d1:4b
1669928406.548297 0.000000 2462 2462 -85 1372 fa:1e:39:19:97:55
1669928406.568846 0.020549 2462 2462 -86 1382 fa:1e:39:19:97:55
1669928421.755576 0.000000 2462 2462 -91 1150 fa:42:d0:ee:47:54
1669928421.775775 0.020199 2462 2462 -92 1151 fa:42:d0:ee:47:54
1669928406.431508 0.000000 2462 2437 -88 2100 fa:47:13:c0:42:c2
1669928401.935955 0.000000 2437 2462 -88 1507 fa:4c:5d:0a:20:38
1669928409.643233 7.707278 2462 2437 -66 1514 fa:4c:5d:0a:20:38
1669928448.610800 0.000000 2437 2412 -85 548 fa:89:2e:69:68:1f
1669928438.218451 0.000000 2412 2412 -87 88 fa:b6:35:51:23:f1
1669928438.238604 0.020153 2412 2412 -90 89 fa:b6:35:51:23:f1
1669928438.586212 0.367761 2412 2437 -79 104 fa:b6:35:51:23:f1
1669928438.629729 0.411278 2437 2437 -81 106 fa:b6:35:51:23:f1
1669928438.674082 0.455631 2437 2437 -82 108 fa:b6:35:51:23:f1
1669928438.742276 0.523825 2437 2437 -80 111 fa:b6:35:51:23:f1
1669928439.044420 0.825969 2437 2462 -89 123 fa:b6:35:51:23:f1
1669928439.065599 0.847148 2462 2462 -89 124 fa:b6:35:51:23:f1
1669928439.085430 0.866979 2462 2462 -89 125 fa:b6:35:51:23:f1
1669928418.141080 0.000000 2462 2437 -86 1920 fa:e5:59:86:5a:c8
1669928408.160475 0.000000 2437 2437 -87 4073 fc:44:82:be:30:7a
1669928418.417765 10.257290 2437 2437 -93 4094 fc:44:82:be:30:7a
1669928430.998955 0.000000 2437 2437 -90 1060 fe:2e:16:b0:3e:eb
1669928431.019172 0.020217 2437 2437 -92 1061 fe:2e:16:b0:3e:eb
1669928408.029956 0.000000 2437 2437 -76 349 fe:51:da:aa:4a:b9
1669928452.470738 0.000000 2437 2437 -89 1383 fe:99:e1:9e:2a:93
1669928444.390615 0.000000 2437 2437 -93 1208 fe:ca:7f:44:a3:88
